0 0.21758436944937834 0.21042830540037244 0.02664298401420959 0.040968342644320296
0 0.37921847246891655 0.23370577281191807 0.04085257548845471 0.03910614525139665
0 0.5124333925399644 0.23556797020484171 0.047957371225577264 0.04655493482309125
0 0.5959147424511545 0.2579143389199255 0.055062166962699825 0.061452513966480445
0 0.46092362344582594 0.2811918063314711 0.037300177619893425 0.040968342644320296
0 0.2841918294849023 0.3230912476722533 0.035523978685612786 0.04283054003724395
0 0.6580817051509769 0.33147113594040967 0.04085257548845471 0.048417132216014895
0 0.5035523978685613 0.3426443202979516 0.047957371225577264 0.0633147113594041
0 0.7309058614564832 0.3426443202979516 0.06216696269982238 0.0893854748603352
0 0.3117229129662522 0.4022346368715084 0.03374777975133215 0.0521415270018622
0 0.3552397868561279 0.40409683426443205 0.021314387211367674 0.0633147113594041
0 0.41563055062166965 0.4729981378026071 0.035523978685612786 0.0521415270018622
0 0.20159857904085257 0.48696461824953446 0.04085257548845471 0.04655493482309125
0 0.9156305506216696 0.6769087523277467 0.04085257548845471 0.08752327746741155
0 0.7513321492007105 0.7346368715083799 0.0497335701598579 0.07635009310986965
0 0.22380106571936056 0.7681564245810056 0.03197158081705151 0.05027932960893855
0 0.7238010657193605 0.8016759776536313 0.06216696269982238 0.061452513966480445
0 0.05950266429840142 0.8268156424581006 0.04085257548845471 0.055865921787709494
0 0.3019538188277087 0.9338919925512105 0.046181172291296625 0.054003724394785846
0 0.11456483126110124 0.9832402234636871 0.04440497335701599 0.0297951582867784
