0 0.4946714031971581 0.2839851024208566 0.03374777975133215 0.04655493482309125
0 0.7344582593250444 0.3165735567970205 0.0586145648312611 0.055865921787709494
0 0.6012433392539964 0.43854748603351956 0.04085257548845471 0.04283054003724395
0 0.6536412078152753 0.568901303538175 0.06394316163410302 0.11731843575418995
0 0.5674955595026643 0.5810055865921788 0.06927175843694494 0.055865921787709494
0 0.7682060390763765 0.7104283054003724 0.06216696269982238 0.08007448789571694
0 0.48845470692717585 0.74487895716946 0.05328596802841918 0.074487895716946
0 0.2699822380106572 0.7905027932960894 0.05328596802841918 0.03910614525139665
0 0.13232682060390763 0.8175046554934823 0.055062166962699825 0.0856610800744879
0 0.25044404973357015 0.8445065176908753 0.056838365896980464 0.06890130353817504
0 0.03996447602131439 0.8566108007448789 0.07992895204262877 0.11173184357541899
