0 0.6785079928952042 0.040968342644320296 0.046181172291296625 0.048417132216014895
0 0.48934280639431615 0.08659217877094973 0.037300177619893425 0.04655493482309125
0 0.19538188277087035 0.10986964618249534 0.046181172291296625 0.0446927374301676
0 0.31438721136767317 0.10986964618249534 0.05328596802841918 0.0633147113594041
0 0.15630550621669628 0.16945996275605213 0.03907637655417407 0.040968342644320296
0 0.3241563055062167 0.19832402234636873 0.07282415630550622 0.054003724394785846
0 0.3383658969804618 0.31564245810055863 0.047957371225577264 0.054003724394785846
0 0.42628774422735344 0.3808193668528864 0.056838365896980464 0.06890130353817504
0 0.5577264653641207 0.38268156424581007 0.04262877442273535 0.05027932960893855
0 0.9120781527531083 0.43575418994413406 0.05150976909413854 0.0521415270018622
0 0.6190053285968028 0.4972067039106145 0.047957371225577264 0.0446927374301676
0 0.02664298401420959 0.6517690875232774 0.046181172291296625 0.040968342644320296
0 0.028419182948490232 0.7513966480446927 0.056838365896980464 0.04283054003724395
0 0.4200710479573712 0.7644320297951583 0.0586145648312611 0.061452513966480445
0 0.46181172291296624 0.8081936685288641 0.03907637655417407 0.055865921787709494
0 0.2841918294849023 0.87243947858473 0.035523978685612786 0.04283054003724395
0 0.14653641207815277 0.9329608938547486 0.07282415630550622 0.0521415270018622
0 0.3872113676731794 0.9776536312849162 0.03197158081705151 0.040968342644320296
