0 0.2664298401420959 0.0595903165735568 0.05328596802841918 0.0856610800744879
0 0.42451154529307283 0.08100558659217877 0.06039076376554174 0.061452513966480445
0 0.34902309058614567 0.2011173184357542 0.0586145648312611 0.040968342644320296
0 0.6119005328596803 0.27001862197392923 0.08703374777975133 0.0931098696461825
0 0.6829484902309059 0.2849162011173184 0.04440497335701599 0.07076350093109869
0 0.5479573712255773 0.3370577281191806 0.047957371225577264 0.0521415270018622
0 0.4920071047957371 0.41247672253258844 0.046181172291296625 0.07262569832402235
0 0.5612788632326821 0.41620111731843573 0.046181172291296625 0.061452513966480445
0 0.5808170515097691 0.5772811918063314 0.05328596802841918 0.0670391061452514
0 0.4342806394316163 0.8026070763500931 0.037300177619893425 0.040968342644320296
0 0.11634103019538189 0.8649906890130353 0.0586145648312611 0.09497206703910614
0 0.6483126110124334 0.8659217877094972 0.046181172291296625 0.0782122905027933
0 0.5106571936056838 0.8715083798882681 0.04440497335701599 0.07076350093109869
0 0.35079928952042627 0.8798882681564246 0.055062166962699825 0.05027932960893855
