0 0.4991119005328597 0.0521415270018622 0.0674955595026643 0.1042830540037244
0 0.33481349911190056 0.10521415270018622 0.03374777975133215 0.03165735567970205
0 0.6101243339253997 0.11173184357541899 0.08703374777975133 0.12290502793296089
0 0.4227353463587922 0.148975791433892 0.03907637655417407 0.037243947858473
0 0.4769094138543517 0.20670391061452514 0.0586145648312611 0.0893854748603352
0 0.20159857904085257 0.2346368715083799 0.04085257548845471 0.07076350093109869
0 0.61101243339254 0.25512104283054005 0.0497335701598579 0.1005586592178771
0 0.2673179396092362 0.2616387337057728 0.04085257548845471 0.06890130353817504
0 0.108348134991119 0.29608938547486036 0.0674955595026643 0.055865921787709494
0 0.216696269982238 0.3063314711359404 0.046181172291296625 0.04655493482309125
0 0.4928952042628774 0.3091247672253259 0.019538188277087035 0.0446927374301676
0 0.8969804618117229 0.3500931098696462 0.03907637655417407 0.0521415270018622
0 0.48845470692717585 0.36405959031657353 0.035523978685612786 0.04655493482309125
0 0.3019538188277087 0.49162011173184356 0.05328596802841918 0.055865921787709494
0 0.16785079928952043 0.5148975791433892 0.03374777975133215 0.04283054003724395
0 0.5035523978685613 0.5335195530726257 0.047957371225577264 0.061452513966480445
0 0.16785079928952043 0.5819366852886406 0.04440497335701599 0.05772811918063315
0 0.4786856127886323 0.6014897579143389 0.05150976909413854 0.0595903165735568
0 0.3543516873889876 0.6033519553072626 0.055062166962699825 0.08193668528864059
0 0.03285968028419183 0.61731843575419 0.03374777975133215 0.06517690875232775
0 0.8730017761989343 0.6256983240223464 0.03374777975133215 0.07076350093109869
0 0.08614564831261101 0.7132216014897579 0.047957371225577264 0.0670391061452514
0 0.1269982238010657 0.7718808193668529 0.03019538188277087 0.035381750465549346
0 0.17317939609236235 0.8035381750465549 0.023090586145648313 0.027932960893854747
0 0.28507992895204265 0.8361266294227188 0.03374777975133215 0.0521415270018622
0 0.3419182948490231 0.9739292364990689 0.06216696269982238 0.048417132216014895
0 0.672291296625222 0.9636871508379888 0.0586145648312611 0.06890130353817504
0 0.5186500888099467 0.9832402234636871 0.035523978685612786 0.0297951582867784
