0 0.8206039076376554 0.0186219739292365 0.03907637655417407 0.037243947858473
0 0.8685612788632326 0.048417132216014895 0.02486678507992895 0.0297951582867784
0 0.2255772646536412 0.08100558659217877 0.017761989342806393 0.03165735567970205
0 0.7841918294849023 0.12197392923649907 0.037300177619893425 0.03165735567970205
0 0.050621669626998225 0.17411545623836128 0.03019538188277087 0.03165735567970205
0 0.3605683836589698 0.18901303538175046 0.03197158081705151 0.03910614525139665
0 0.6634103019538188 0.1945996275605214 0.047957371225577264 0.04655493482309125
0 0.6287744227353463 0.26536312849162014 0.04262877442273535 0.05027932960893855
0 0.347246891651865 0.3398510242085661 0.015985790408525755 0.020484171322160148
0 0.0497335701598579 0.35288640595903165 0.046181172291296625 0.03910614525139665
0 0.4467140319715808 0.36312849162011174 0.0586145648312611 0.040968342644320296
0 0.6705150976909414 0.3817504655493482 0.055062166962699825 0.055865921787709494
0 0.34369449378330375 0.38361266294227186 0.015985790408525755 0.0186219739292365
0 0.25754884547069273 0.39013035381750466 0.021314387211367674 0.024208566108007448
0 0.32326820603907636 0.419925512104283 0.04262877442273535 0.04655493482309125
0 0.47957371225577267 0.44599627560521415 0.056838365896980464 0.04655493482309125
0 0.6225577264653641 0.4543761638733706 0.047957371225577264 0.0633147113594041
0 0.6873889875666075 0.4851024208566108 0.014209591474245116 0.027932960893854747
0 0.24511545293072823 0.5093109869646183 0.035523978685612786 0.05772811918063315
0 0.5133214920071048 0.5139664804469274 0.014209591474245116 0.0223463687150838
0 0.6740674955595026 0.5139664804469274 0.023090586145648313 0.0223463687150838
0 0.5479573712255773 0.5409683426443203 0.019538188277087035 0.03165735567970205
0 0.42095914742451157 0.5893854748603352 0.04262877442273535 0.06517690875232775
0 0.6758436944937833 0.590316573556797 0.14031971580817051 0.0931098696461825
0 0.17584369449378331 0.6154562383612663 0.017761989342806393 0.024208566108007448
0 0.31527531083481347 0.6471135940409684 0.055062166962699825 0.06517690875232775
0 0.10923623445825932 0.6629422718808193 0.05150976909413854 0.0595903165735568
0 0.16518650088809947 0.680633147113594 0.014209591474245116 0.027932960893854747
0 0.46092362344582594 0.7001862197392924 0.019538188277087035 0.0223463687150838
0 0.3978685612788632 0.7104283054003724 0.021314387211367674 0.020484171322160148
0 0.17229129662522202 0.7197392923649907 0.014209591474245116 0.024208566108007448
0 0.605683836589698 0.723463687150838 0.05328596802841918 0.05772811918063315
0 0.2539964476021314 0.7271880819366853 0.028419182948490232 0.03910614525139665
0 0.44760213143872113 0.7420856610800745 0.04262877442273535 0.04283054003724395
0 0.3019538188277087 0.7802607076350093 0.028419182948490232 0.0335195530726257
0 0.21403197158081705 0.7839851024208566 0.0905861456483126 0.07076350093109869
0 0.34369449378330375 0.8175046554934823 0.03374777975133215 0.0446927374301676
0 0.5488454706927176 0.8463687150837989 0.03907637655417407 0.035381750465549346
0 0.3987566607460036 0.8649906890130353 0.0586145648312611 0.054003724394785846
0 0.11367673179396093 0.9646182495344506 0.07815275310834814 0.0670391061452514
