0 0.41207815275310833 0.1005586592178771 0.04262877442273535 0.048417132216014895
0 0.19182948490230906 0.14804469273743018 0.04262877442273535 0.05027932960893855
0 0.8650088809946714 0.20204841713221602 0.04262877442273535 0.05027932960893855
0 0.30106571936056836 0.21787709497206703 0.06927175843694494 0.0670391061452514
0 0.18383658969804617 0.21973929236499068 0.04440497335701599 0.0335195530726257
0 0.5230905861456483 0.2672253258845438 0.05150976909413854 0.07262569832402235
0 0.5994671403197158 0.3091247672253259 0.037300177619893425 0.0595903165735568
0 0.7513321492007105 0.31471135940409684 0.06394316163410302 0.037243947858473
0 0.1882770870337478 0.35940409683426444 0.028419182948490232 0.037243947858473
0 0.007104795737122558 0.40409683426443205 0.014209591474245116 0.08193668528864059
0 0.8028419182948491 0.42178770949720673 0.035523978685612786 0.04655493482309125
0 0.40852575488454707 0.4292364990689013 0.06394316163410302 0.05772811918063315
0 0.3543516873889876 0.45344506517690875 0.02664298401420959 0.027932960893854747
0 0.7087033747779752 0.45716945996275604 0.06039076376554174 0.05772811918063315
0 0.2912966252220249 0.4795158286778399 0.021314387211367674 0.03165735567970205
0 0.0674955595026643 0.5325884543761639 0.0497335701598579 0.0335195530726257
0 0.8143872113676732 0.5437616387337058 0.10124333925399645 0.074487895716946
0 0.302841918294849 0.6256983240223464 0.0586145648312611 0.0521415270018622
0 0.43872113676731794 0.6554934823091247 0.035523978685612786 0.0670391061452514
0 0.8348134991119005 0.8333333333333334 0.03907637655417407 0.06890130353817504
0 0.7229129662522202 0.925512104283054 0.07815275310834814 0.0670391061452514
