0 0.22824156305506216 0.2988826815642458 0.04085257548845471 0.054003724394785846
0 0.4325044404973357 0.2709497206703911 0.03019538188277087 0.04283054003724395
0 0.4635879218472469 0.0931098696461825 0.03197158081705151 0.048417132216014895
0 0.6589698046181173 0.164804469273743 0.04262877442273535 0.04655493482309125
0 0.216696269982238 0.09217877094972067 0.02486678507992895 0.027932960893854747
0 0.27087033747779754 0.16945996275605213 0.03374777975133215 0.0446927374301676
0 0.347246891651865 0.5726256983240223 0.023090586145648313 0.024208566108007448
0 0.28507992895204265 0.7150837988826816 0.03019538188277087 0.0521415270018622
0 0.39431616341030196 0.6033519553072626 0.017761989342806393 0.0223463687150838
0 0.20781527531083482 0.5819366852886406 0.014209591474245116 0.027932960893854747
0 0.03996447602131439 0.7970204841713222 0.05150976909413854 0.0446927374301676
0 0.14120781527531084 0.9357541899441341 0.055062166962699825 0.04655493482309125
0 0.22646536412078153 0.87243947858473 0.04085257548845471 0.04655493482309125
0 0.20870337477797513 0.9860335195530726 0.03019538188277087 0.024208566108007448
0 0.38898756660746003 0.9003724394785847 0.035523978685612786 0.024208566108007448
0 0.38809946714031973 0.9301675977653632 0.04085257548845471 0.027932960893854747
0 0.4733570159857904 0.8910614525139665 0.023090586145648313 0.024208566108007448
0 0.6047957371225577 0.8296089385474861 0.04085257548845471 0.03165735567970205
0 0.6190053285968028 0.74487895716946 0.02664298401420959 0.0446927374301676
0 0.6509769094138543 0.6731843575418994 0.03374777975133215 0.03910614525139665
0 0.6403197158081705 0.6229050279329609 0.03019538188277087 0.03910614525139665
