0 0.436056838365897 0.037243947858473 0.0586145648312611 0.074487895716946
0 0.5399644760213144 0.12383612662942271 0.08880994671403197 0.06517690875232775
0 0.844582593250444 0.17783985102420857 0.047957371225577264 0.07635009310986965
0 0.566607460035524 0.18808193668528864 0.07104795737122557 0.0782122905027933
0 0.6207815275310835 0.23649906890130354 0.037300177619893425 0.048417132216014895
0 0.3037300177619893 0.24022346368715083 0.04262877442273535 0.055865921787709494
0 0.2699822380106572 0.33426443202979517 0.06039076376554174 0.04655493482309125
0 0.7735346358792184 0.35661080074487894 0.0586145648312611 0.04655493482309125
0 0.9378330373001776 0.38361266294227186 0.0674955595026643 0.0595903165735568
0 0.8676731793960923 0.42178770949720673 0.05150976909413854 0.04283054003724395
0 0.07992895204262877 0.5363128491620112 0.06394316163410302 0.048417132216014895
0 0.27264653641207814 0.5363128491620112 0.04085257548845471 0.0335195530726257
0 0.2202486678507993 0.5577281191806331 0.03197158081705151 0.04655493482309125
0 0.32326820603907636 0.574487895716946 0.04262877442273535 0.054003724394785846
0 0.6625222024866785 0.5819366852886406 0.056838365896980464 0.09497206703910614
0 0.3703374777975133 0.5875232774674115 0.047957371225577264 0.04283054003724395
0 0.07104795737122557 0.6145251396648045 0.07104795737122557 0.0782122905027933
0 0.2246891651865009 0.6685288640595903 0.05150976909413854 0.0521415270018622
0 0.13943161634103018 0.7392923649906891 0.03374777975133215 0.055865921787709494
0 0.017761989342806393 0.8910614525139665 0.035523978685612786 0.08752327746741155
