0 0.40763765541740676 0.148975791433892 0.04085257548845471 0.040968342644320296
0 0.30017761989342806 0.1945996275605214 0.035523978685612786 0.03910614525139665
0 0.10657193605683836 0.20763500931098697 0.07104795737122557 0.08379888268156424
0 0.6811722912966253 0.21042830540037244 0.037300177619893425 0.0446927374301676
0 0.6154529307282416 0.23556797020484171 0.04085257548845471 0.05027932960893855
0 0.3481349911190053 0.25139664804469275 0.04262877442273535 0.055865921787709494
0 0.5799289520426287 0.2877094972067039 0.04440497335701599 0.04655493482309125
0 0.020426287744227355 0.3016759776536313 0.04085257548845471 0.055865921787709494
0 0.8570159857904085 0.34543761638733705 0.047957371225577264 0.05027932960893855
0 0.1447602131438721 0.3547486033519553 0.023090586145648313 0.03910614525139665
0 0.7424511545293073 0.40037243947858475 0.0497335701598579 0.0595903165735568
0 0.5275310834813499 0.4972067039106145 0.04262877442273535 0.0297951582867784
0 0.6190053285968028 0.5074487895716946 0.047957371225577264 0.03910614525139665
0 0.30550621669627 0.5465549348230913 0.08170515097690942 0.08752327746741155
0 0.6856127886323268 0.5567970204841713 0.03907637655417407 0.0446927374301676
0 0.11634103019538189 0.6098696461824954 0.037300177619893425 0.04655493482309125
0 0.4573712255772647 0.6229050279329609 0.03019538188277087 0.06517690875232775
0 0.29040852575488457 0.6443202979515829 0.05150976909413854 0.0446927374301676
0 0.216696269982238 0.6499068901303539 0.035523978685612786 0.037243947858473
0 0.7131438721136767 0.664804469273743 0.0586145648312611 0.037243947858473
0 0.03374777975133215 0.6797020484171322 0.04262877442273535 0.0595903165735568
0 0.7966252220248667 0.6815642458100558 0.047957371225577264 0.0446927374301676
0 0.6802841918294849 0.7253258845437617 0.07460035523978685 0.05772811918063315
0 0.5275310834813499 0.750465549348231 0.05328596802841918 0.0595903165735568
0 0.27886323268206037 0.7886405959031657 0.04262877442273535 0.04283054003724395
0 0.41207815275310833 0.7905027932960894 0.05328596802841918 0.054003724394785846
0 0.30550621669627 0.8621973929236499 0.07104795737122557 0.0670391061452514
0 0.2433392539964476 0.9217877094972067 0.05328596802841918 0.048417132216014895
0 0.13765541740674955 0.9851024208566108 0.06571936056838366 0.0260707635009311
