0 0.6465364120781527 0.05772811918063315 0.07104795737122557 0.09683426443202979
0 0.7664298401420959 0.2709497206703911 0.0763765541740675 0.06890130353817504
0 0.2531083481349911 0.2811918063314711 0.11900532859680284 0.0782122905027933
0 0.34991119005328597 0.3249534450651769 0.04262877442273535 0.04655493482309125
0 0.9458259325044405 0.38733705772811916 0.06571936056838366 0.0297951582867784
0 0.25843694493783304 0.40130353817504655 0.037300177619893425 0.04283054003724395
0 0.9582593250444049 0.48044692737430167 0.04085257548845471 0.048417132216014895
0 0.39520426287744226 0.5279329608938548 0.02664298401420959 0.054003724394785846
0 0.9698046181172292 0.5549348230912476 0.03907637655417407 0.048417132216014895
0 0.5417406749555951 0.6405959031657356 0.0994671403197158 0.1005586592178771
0 0.9404973357015985 0.659217877094972 0.037300177619893425 0.0446927374301676
0 0.19538188277087035 0.6890130353817505 0.056838365896980464 0.0595903165735568
0 0.49644760213143874 0.7523277467411545 0.06216696269982238 0.08193668528864059
0 0.33481349911190056 0.8324022346368715 0.047957371225577264 0.074487895716946
0 0.7522202486678508 0.9152700186219739 0.0586145648312611 0.07262569832402235
0 0.6571936056838366 0.9823091247672253 0.07104795737122557 0.03165735567970205
