0 0.5630550621669627 0.0148975791433892 0.08170515097690942 0.0297951582867784
0 0.7220248667850799 0.03445065176908752 0.0586145648312611 0.05027932960893855
0 0.16873889875666073 0.13966480446927373 0.04262877442273535 0.048417132216014895
0 0.10746003552397869 0.2011173184357542 0.06571936056838366 0.0670391061452514
0 0.5523978685612788 0.3063314711359404 0.056838365896980464 0.035381750465549346
0 0.23001776198934282 0.34171322160148976 0.05150976909413854 0.03165735567970205
0 0.3543516873889876 0.39385474860335196 0.037300177619893425 0.04655493482309125
0 0.6856127886323268 0.4553072625698324 0.03907637655417407 0.03910614525139665
0 0.6003552397868561 0.4776536312849162 0.08170515097690942 0.061452513966480445
0 0.1714031971580817 0.5875232774674115 0.09769094138543517 0.10614525139664804
0 0.5284191829484902 0.6219739292364991 0.04440497335701599 0.074487895716946
0 0.25044404973357015 0.7458100558659218 0.06039076376554174 0.08007448789571694
0 0.38099467140319715 0.7737430167597765 0.04440497335701599 0.05772811918063315
0 0.43783303730017764 0.8286778398510242 0.055062166962699825 0.0670391061452514
0 0.8019538188277087 0.8603351955307262 0.0586145648312611 0.08193668528864059
0 0.19094138543516873 0.9497206703910615 0.17229129662522202 0.09683426443202979
