0 0.3783303730017762 0.00558659217877095 0.06394316163410302 0.0111731843575419
0 0.25754884547069273 0.05865921787709497 0.05328596802841918 0.07262569832402235
0 0.544404973357016 0.13221601489757914 0.04085257548845471 0.040968342644320296
0 0.8161634103019538 0.14711359404096835 0.06216696269982238 0.074487895716946
0 0.6394316163410302 0.21135940409683426 0.028419182948490232 0.04283054003724395
0 0.5328596802841918 0.21787709497206703 0.035523978685612786 0.0446927374301676
0 0.6012433392539964 0.2541899441340782 0.05150976909413854 0.054003724394785846
0 0.15364120781527532 0.2802607076350093 0.08703374777975133 0.13594040968342644
0 0.7424511545293073 0.3333333333333333 0.0497335701598579 0.08193668528864059
0 0.48312611012433393 0.40502793296089384 0.04262877442273535 0.03910614525139665
0 0.6012433392539964 0.4264432029795158 0.04085257548845471 0.037243947858473
0 0.522202486678508 0.44692737430167595 0.04262877442273535 0.048417132216014895
0 0.8907637655417406 0.49906890130353815 0.06216696269982238 0.048417132216014895
0 0.49822380106571934 0.5325884543761639 0.04085257548845471 0.0521415270018622
0 0.22735346358792186 0.5642458100558659 0.046181172291296625 0.0893854748603352
0 0.8570159857904085 0.6517690875232774 0.10124333925399645 0.1154562383612663
0 0.33126110124333924 0.8184357541899442 0.11190053285968028 0.05772811918063315
0 0.7468916518650088 0.8798882681564246 0.07282415630550622 0.06890130353817504
0 0.130550621669627 0.9692737430167597 0.0586145648312611 0.05772811918063315
