0 0.5213143872113677 0.0856610800744879 0.03374777975133215 0.0446927374301676
0 0.45204262877442275 0.08659217877094973 0.04440497335701599 0.04283054003724395
0 0.4937833037300178 0.18528864059590316 0.03197158081705151 0.05772811918063315
0 0.8419182948490231 0.22532588454376165 0.04262877442273535 0.07076350093109869
0 0.9191829484902309 0.25977653631284914 0.047957371225577264 0.04655493482309125
0 0.4857904085257549 0.30074487895716945 0.05150976909413854 0.04655493482309125
0 0.6074600355239786 0.3687150837988827 0.05328596802841918 0.0893854748603352
0 0.06394316163410302 0.41154562383612664 0.0674955595026643 0.0521415270018622
0 0.9538188277087034 0.46368715083798884 0.07104795737122557 0.055865921787709494
0 0.007104795737122558 0.4962756052141527 0.014209591474245116 0.04655493482309125
0 0.11900532859680284 0.5642458100558659 0.0994671403197158 0.0595903165735568
0 0.2566607460035524 0.6098696461824954 0.04440497335701599 0.05027932960893855
0 0.13676731793960922 0.6918063314711359 0.04262877442273535 0.06517690875232775
0 0.5159857904085258 0.7029795158286778 0.0586145648312611 0.06517690875232775
0 0.9289520426287744 0.7029795158286778 0.0497335701598579 0.06517690875232775
0 0.35346358792184723 0.7178770949720671 0.06039076376554174 0.09497206703910614
0 0.007992895204262877 0.866852886405959 0.015985790408525755 0.061452513966480445
0 0.05772646536412078 0.9152700186219739 0.047957371225577264 0.07262569832402235
0 0.14564831261101244 0.9869646182495344 0.07104795737122557 0.0223463687150838
