0 0.7761989342806395 0.07541899441340782 0.06039076376554174 0.06890130353817504
0 0.5079928952042628 0.08659217877094973 0.056838365896980464 0.054003724394785846
0 0.3756660746003552 0.18342644320297952 0.04440497335701599 0.061452513966480445
0 0.28063943161634103 0.2122905027932961 0.0497335701598579 0.0633147113594041
0 0.3401420959147424 0.23649906890130354 0.04440497335701599 0.0260707635009311
0 0.3774422735346359 0.2383612662942272 0.037300177619893425 0.0521415270018622
0 0.5497335701598579 0.24953445065176907 0.06927175843694494 0.0521415270018622
0 0.4928952042628774 0.2635009310986965 0.037300177619893425 0.04655493482309125
0 0.8952042628774423 0.28212290502793297 0.04262877442273535 0.08379888268156424
0 0.24422735346358793 0.35288640595903165 0.037300177619893425 0.054003724394785846
0 0.48312611012433393 0.3919925512104283 0.04262877442273535 0.05772811918063315
0 0.5177619893428064 0.3919925512104283 0.03374777975133215 0.03910614525139665
0 0.4049733570159858 0.4180633147113594 0.046181172291296625 0.03910614525139665
0 0.32326820603907636 0.4441340782122905 0.04262877442273535 0.05027932960893855
0 0.8641207815275311 0.5614525139664804 0.06216696269982238 0.05772811918063315
0 0.7868561278863233 0.5623836126629422 0.0497335701598579 0.0633147113594041
0 0.4733570159857904 0.5968342644320298 0.04085257548845471 0.03910614525139665
0 0.5941385435168739 0.6005586592178771 0.037300177619893425 0.05772811918063315
0 0.17673179396092362 0.8277467411545624 0.08703374777975133 0.06517690875232775
0 0.2824156305506217 0.9543761638733705 0.06039076376554174 0.05027932960893855
0 0.09680284191829484 0.9664804469273743 0.04440497335701599 0.055865921787709494
0 0.37122557726465366 0.9804469273743017 0.0497335701598579 0.035381750465549346
0 0.4626998223801066 0.9878957169459963 0.11190053285968028 0.020484171322160148
