0 0.4049733570159858 0.07541899441340782 0.046181172291296625 0.05772811918063315
0 0.7868561278863233 0.10614525139664804 0.0497335701598579 0.037243947858473
0 0.5639431616341031 0.12849162011173185 0.02664298401420959 0.055865921787709494
0 0.6767317939609236 0.2169459962756052 0.04262877442273535 0.06517690875232775
0 0.8357015985790408 0.23649906890130354 0.11900532859680284 0.1005586592178771
0 0.6438721136767318 0.25977653631284914 0.03019538188277087 0.03910614525139665
0 0.21758436944937834 0.31843575418994413 0.06216696269982238 0.0446927374301676
0 0.35701598579040855 0.3463687150837989 0.056838365896980464 0.0446927374301676
0 0.28152753108348133 0.3761638733705773 0.06571936056838366 0.0446927374301676
0 0.7486678507992895 0.38640595903165736 0.06927175843694494 0.05772811918063315
0 0.216696269982238 0.42830540037243947 0.05328596802841918 0.0595903165735568
0 0.677619893428064 0.46741154562383613 0.04085257548845471 0.040968342644320296
0 0.1660746003552398 0.6405959031657356 0.03374777975133215 0.0446927374301676
0 0.33481349911190056 0.7886405959031657 0.04085257548845471 0.054003724394785846
0 0.8463587921847247 0.7914338919925512 0.0763765541740675 0.0670391061452514
0 0.35879218472468916 0.851024208566108 0.04262877442273535 0.0446927374301676
