0 0.7442273534635879 0.09869646182495345 0.1492007104795737 0.07076350093109869
0 0.36589698046181174 0.18435754189944134 0.03907637655417407 0.0446927374301676
0 0.4058614564831261 0.33426443202979517 0.047957371225577264 0.04655493482309125
0 0.17850799289520428 0.3500931098696462 0.055062166962699825 0.0521415270018622
0 0.1669626998223801 0.46089385474860334 0.08880994671403197 0.04655493482309125
0 0.9049733570159858 0.4813780260707635 0.037300177619893425 0.061452513966480445
0 0.035523978685612786 0.5018621973929237 0.03907637655417407 0.054003724394785846
0 0.5523978685612788 0.5232774674115456 0.0497335701598579 0.0595903165735568
0 0.15364120781527532 0.5353817504655494 0.04085257548845471 0.03910614525139665
0 0.25488454706927177 0.5586592178770949 0.0586145648312611 0.074487895716946
0 0.8836589698046181 0.7113594040968343 0.08348134991119005 0.1378026070763501
0 0.19715808170515098 0.7281191806331471 0.03907637655417407 0.0446927374301676
0 0.43960923623445824 0.7439478584729982 0.06571936056838366 0.05772811918063315
0 0.3117229129662522 0.7681564245810056 0.04085257548845471 0.04655493482309125
0 0.7930728241563055 0.8305400372439479 0.07992895204262877 0.09683426443202979
