0 0.29396092362344584 0.0111731843575419 0.04085257548845471 0.0223463687150838
0 0.6243339253996447 0.10242085661080075 0.02664298401420959 0.0335195530726257
0 0.3046181172291297 0.12104283054003724 0.037300177619893425 0.040968342644320296
0 0.5781527531083481 0.1713221601489758 0.10124333925399645 0.1042830540037244
0 0.8028419182948491 0.17318435754189945 0.03197158081705151 0.0446927374301676
0 0.17229129662522202 0.18808193668528864 0.0497335701598579 0.0335195530726257
0 0.043516873889875664 0.2271880819366853 0.06571936056838366 0.037243947858473
0 0.24955595026642985 0.23277467411545624 0.04085257548845471 0.040968342644320296
0 0.4689165186500888 0.260707635009311 0.02486678507992895 0.0186219739292365
0 0.5763765541740675 0.3063314711359404 0.02664298401420959 0.024208566108007448
0 0.5461811722912966 0.3165735567970205 0.015985790408525755 0.0148975791433892
0 0.6341030195381883 0.3845437616387337 0.028419182948490232 0.04655493482309125
0 0.6003552397868561 0.39106145251396646 0.028419182948490232 0.0297951582867784
0 0.5177619893428064 0.409683426443203 0.11900532859680284 0.08193668528864059
0 0.2824156305506217 0.4795158286778399 0.017761989342806393 0.020484171322160148
0 0.38809946714031973 0.4813780260707635 0.03374777975133215 0.024208566108007448
0 0.46181172291296624 0.5074487895716946 0.035523978685612786 0.027932960893854747
0 0.2895204262877442 0.5139664804469274 0.03197158081705151 0.0297951582867784
0 0.19271758436944939 0.5260707635009311 0.02664298401420959 0.020484171322160148
0 0.5879218472468917 0.5316573556797021 0.0674955595026643 0.04283054003724395
0 0.24067495559502664 0.5446927374301676 0.03374777975133215 0.027932960893854747
0 0.2673179396092362 0.595903165735568 0.037300177619893425 0.0670391061452514
0 0.4422735346358792 0.6266294227188082 0.04262877442273535 0.04655493482309125
0 0.32326820603907636 0.6340782122905028 0.03197158081705151 0.035381750465549346
0 0.1349911190053286 0.6527001862197392 0.0497335701598579 0.04655493482309125
0 0.23623445825932504 0.6564245810055865 0.05328596802841918 0.03910614525139665
0 0.31793960923623443 0.6675977653631285 0.03197158081705151 0.03910614525139665
0 0.14120781527531084 0.6843575418994413 0.03374777975133215 0.024208566108007448
0 0.413854351687389 0.686219739292365 0.035523978685612786 0.024208566108007448
0 0.2664298401420959 0.7160148975791434 0.028419182948490232 0.027932960893854747
0 0.33481349911190056 0.7672253258845437 0.04085257548845471 0.048417132216014895
0 0.43161634103019536 0.7970204841713222 0.03197158081705151 0.0260707635009311
0 0.016873889875666074 0.8091247672253259 0.03374777975133215 0.06890130353817504
0 0.3925399644760213 0.8221601489757915 0.03907637655417407 0.08007448789571694
0 0.3419182948490231 0.8491620111731844 0.023090586145648313 0.0297951582867784
0 0.5737122557726465 0.8538175046554934 0.0852575488454707 0.05027932960893855
0 0.35879218472468916 0.8566108007448789 0.014209591474245116 0.037243947858473
0 0.4591474245115453 0.8659217877094972 0.06571936056838366 0.0782122905027933
0 0.06838365896980461 0.9646182495344506 0.08348134991119005 0.0670391061452514
0 0.1891651865008881 0.9664804469273743 0.10124333925399645 0.0633147113594041
0 0.6509769094138543 0.9878957169459963 0.06216696269982238 0.020484171322160148
