0 0.19094138543516873 0.0074487895716946 0.047957371225577264 0.0148975791433892
0 0.35168738898756663 0.08286778398510242 0.10301953818827708 0.08379888268156424
0 0.8987566607460036 0.31471135940409684 0.06039076376554174 0.0931098696461825
0 0.7495559502664298 0.44972067039106145 0.08170515097690942 0.07262569832402235
0 0.06127886323268206 0.4972067039106145 0.05150976909413854 0.0446927374301676
0 0.11367673179396093 0.5791433891992551 0.10301953818827708 0.0446927374301676
0 0.5710479573712256 0.5856610800744879 0.02664298401420959 0.04655493482309125
0 0.40230905861456484 0.6182495344506518 0.04085257548845471 0.0670391061452514
0 0.0541740674955595 0.6480446927374302 0.0586145648312611 0.0595903165735568
0 0.5683836589698046 0.6508379888268156 0.028419182948490232 0.04655493482309125
0 0.5088809946714032 0.6675977653631285 0.02664298401420959 0.04283054003724395
0 0.8827708703374778 0.7067039106145251 0.04262877442273535 0.061452513966480445
0 0.3019538188277087 0.8202979515828678 0.046181172291296625 0.061452513966480445
0 0.7273534635879219 0.8230912476722533 0.0905861456483126 0.1042830540037244
0 0.03907637655417407 0.9013035381750466 0.07815275310834814 0.0893854748603352
0 0.6385435168738899 0.9832402234636871 0.06216696269982238 0.0297951582867784
0 0.42451154529307283 0.9897579143389199 0.0674955595026643 0.01675977653631285
