0 0.477797513321492 0.29702048417132215 0.035523978685612786 0.05772811918063315
0 0.6589698046181173 0.29702048417132215 0.03197158081705151 0.04655493482309125
0 0.4280639431616341 0.3063314711359404 0.03907637655417407 0.05772811918063315
0 0.06660746003552398 0.32122905027932963 0.055062166962699825 0.05027932960893855
0 0.5417406749555951 0.3789571694599628 0.028419182948490232 0.04283054003724395
0 0.6403197158081705 0.41899441340782123 0.04085257548845471 0.0297951582867784
0 0.2664298401420959 0.4925512104283054 0.05328596802841918 0.06517690875232775
0 0.7353463587921847 0.5735567970204841 0.035523978685612786 0.048417132216014895
0 0.5106571936056838 0.6713221601489758 0.03019538188277087 0.024208566108007448
0 0.45293072824156305 0.6778398510242085 0.028419182948490232 0.0335195530726257
0 0.6216696269982238 0.8054003724394786 0.05328596802841918 0.06890130353817504
0 0.28685612788632325 0.8538175046554934 0.0586145648312611 0.061452513966480445
