0 0.46092362344582594 0.17597765363128492 0.037300177619893425 0.035381750465549346
0 0.5825932504440497 0.24208566108007448 0.0674955595026643 0.0595903165735568
0 0.4928952042628774 0.3128491620111732 0.03019538188277087 0.040968342644320296
0 0.7122557726465364 0.33147113594040967 0.04262877442273535 0.040968342644320296
0 0.9342806394316163 0.43482309124767227 0.03907637655417407 0.09124767225325885
0 0.522202486678508 0.44599627560521415 0.04262877442273535 0.05772811918063315
0 0.5053285968028419 0.5307262569832403 0.03374777975133215 0.037243947858473
0 0.25932504440497334 0.5679702048417132 0.04262877442273535 0.0670391061452514
0 0.4005328596802842 0.6219739292364991 0.047957371225577264 0.0521415270018622
0 0.5293072824156305 0.638733705772812 0.046181172291296625 0.0595903165735568
0 0.45204262877442275 0.6824953445065177 0.055062166962699825 0.035381750465549346
0 0.33481349911190056 0.6945996275605214 0.023090586145648313 0.0521415270018622
0 0.25488454706927177 0.6955307262569832 0.03019538188277087 0.05027932960893855
0 0.3774422735346359 0.7011173184357542 0.037300177619893425 0.035381750465549346
