0 0.14031971580817051 0.20763500931098697 0.0674955595026643 0.07262569832402235
0 0.4698046181172291 0.2756052141527002 0.03374777975133215 0.0297951582867784
0 0.6731793960923623 0.33054003724394787 0.0497335701598579 0.03165735567970205
0 0.6998223801065719 0.37243947858473 0.04262877442273535 0.040968342644320296
0 0.12078152753108348 0.37988826815642457 0.0497335701598579 0.037243947858473
0 0.58348134991119 0.590316573556797 0.06927175843694494 0.0931098696461825
0 0.07015985790408526 0.6508379888268156 0.06216696269982238 0.054003724394785846
0 0.44404973357015987 0.6824953445065177 0.028419182948490232 0.05027932960893855
0 0.21758436944937834 0.7225325884543762 0.037300177619893425 0.0521415270018622
0 0.3037300177619893 0.8016759776536313 0.06039076376554174 0.09869646182495345
0 0.49733570159857904 0.8389199255121043 0.056838365896980464 0.061452513966480445
0 0.017761989342806393 0.9608938547486033 0.035523978685612786 0.040968342644320296
