0 0.3241563055062167 0.015828677839851025 0.06571936056838366 0.03165735567970205
0 0.9547069271758437 0.09683426443202979 0.06571936056838366 0.055865921787709494
0 0.33481349911190056 0.329608938547486 0.047957371225577264 0.048417132216014895
0 0.7255772646536413 0.41620111731843573 0.06927175843694494 0.08007448789571694
0 0.44316163410301956 0.4171322160148976 0.07282415630550622 0.074487895716946
0 0.4857904085257549 0.5335195530726257 0.04085257548845471 0.035381750465549346
0 0.3783303730017762 0.5865921787709497 0.046181172291296625 0.040968342644320296
0 0.7673179396092362 0.6247672253258846 0.035523978685612786 0.05772811918063315
0 0.2886323268206039 0.680633147113594 0.03019538188277087 0.03910614525139665
0 0.36678507992895204 0.7029795158286778 0.02664298401420959 0.03910614525139665
0 0.046181172291296625 0.7262569832402235 0.09236234458259325 0.0595903165735568
0 0.4218472468916519 0.7895716945996276 0.055062166962699825 0.055865921787709494
