0 0.9191829484902309 0.0595903165735568 0.055062166962699825 0.0633147113594041
0 0.5772646536412078 0.08752327746741155 0.028419182948490232 0.037243947858473
0 0.7406749555950266 0.15176908752327747 0.03197158081705151 0.05027932960893855
0 0.26287744227353466 0.2746741154562384 0.035523978685612786 0.035381750465549346
0 0.8730017761989343 0.28305400372439476 0.04085257548845471 0.0446927374301676
0 0.6367673179396093 0.3054003724394786 0.03019538188277087 0.0335195530726257
0 0.29040852575488457 0.30726256983240224 0.03019538188277087 0.040968342644320296
0 0.16163410301953818 0.31843575418994413 0.03197158081705151 0.040968342644320296
0 0.4724689165186501 0.36033519553072624 0.03907637655417407 0.03165735567970205
0 0.6731793960923623 0.5642458100558659 0.02486678507992895 0.048417132216014895
0 0.6429840142095915 0.5679702048417132 0.02486678507992895 0.055865921787709494
0 0.4191829484902309 0.6508379888268156 0.03907637655417407 0.04283054003724395
