0 0.0674955595026643 0.0223463687150838 0.0497335701598579 0.0446927374301676
0 0.4626998223801066 0.14432029795158285 0.07282415630550622 0.09497206703910614
0 0.8179396092362344 0.164804469273743 0.047957371225577264 0.04283054003724395
0 0.7007104795737122 0.18342644320297952 0.06927175843694494 0.07262569832402235
0 0.5168738898756661 0.25884543761638734 0.056838365896980464 0.074487895716946
0 0.28063943161634103 0.30726256983240224 0.09236234458259325 0.0670391061452514
0 0.47602131438721135 0.33426443202979517 0.03907637655417407 0.04655493482309125
0 0.6483126110124334 0.36312849162011174 0.03907637655417407 0.040968342644320296
0 0.08792184724689166 0.36405959031657353 0.037300177619893425 0.04283054003724395
0 0.012433392539964476 0.388268156424581 0.02486678507992895 0.061452513966480445
0 0.6785079928952042 0.3947858472998138 0.046181172291296625 0.0446927374301676
0 0.6083481349911191 0.4757914338919926 0.02664298401420959 0.03165735567970205
0 0.02575488454706927 0.5204841713221602 0.05150976909413854 0.054003724394785846
0 0.6785079928952042 0.5502793296089385 0.046181172291296625 0.09497206703910614
0 0.25754884547069273 0.6238361266294227 0.021314387211367674 0.040968342644320296
0 0.9076376554174067 0.6247672253258846 0.0674955595026643 0.07635009310986965
0 0.14031971580817051 0.6340782122905028 0.05328596802841918 0.061452513966480445
0 0.19271758436944939 0.729050279329609 0.047957371225577264 0.06517690875232775
0 0.6669626998223801 0.9450651769087524 0.047957371225577264 0.05027932960893855
