0 0.369449378330373 0.1387337057728119 0.0674955595026643 0.06517690875232775
0 0.20071047957371227 0.24394785847299813 0.03907637655417407 0.0223463687150838
0 0.2753108348134991 0.25977653631284914 0.03907637655417407 0.027932960893854747
0 0.2255772646536412 0.276536312849162 0.035523978685612786 0.035381750465549346
0 0.17495559502664298 0.2802607076350093 0.03374777975133215 0.03910614525139665
0 0.8925399644760214 0.3054003724394786 0.055062166962699825 0.0446927374301676
0 0.7708703374777975 0.4171322160148976 0.05328596802841918 0.037243947858473
0 0.4413854351687389 0.4702048417132216 0.06927175843694494 0.05772811918063315
0 0.9298401420959147 0.4851024208566108 0.0586145648312611 0.05027932960893855
0 0.1989342806394316 0.5018621973929237 0.04262877442273535 0.04655493482309125
0 0.015097690941385435 0.5195530726256983 0.03019538188277087 0.0633147113594041
0 0.2477797513321492 0.5335195530726257 0.03374777975133215 0.04655493482309125
0 0.011545293072824156 0.6070763500931099 0.023090586145648313 0.0595903165735568
0 0.20959147424511546 0.6303538175046555 0.03197158081705151 0.04283054003724395
0 0.24600355239786856 0.6815642458100558 0.047957371225577264 0.040968342644320296
0 0.5639431616341031 0.6992551210428305 0.055062166962699825 0.05772811918063315
0 0.5817051509769094 0.9804469273743017 0.055062166962699825 0.035381750465549346
0 0.45293072824156305 0.9832402234636871 0.07104795737122557 0.0297951582867784
