0 0.5079928952042628 0.09031657355679702 0.03907637655417407 0.04283054003724395
0 0.4325044404973357 0.16759776536312848 0.08703374777975133 0.11173184357541899
0 0.23179396092362345 0.18994413407821228 0.04085257548845471 0.0297951582867784
0 0.6039076376554174 0.25884543761638734 0.03907637655417407 0.0335195530726257
0 0.11367673179396093 0.2811918063314711 0.03197158081705151 0.040968342644320296
0 0.2033747779751332 0.3500931098696462 0.04440497335701599 0.048417132216014895
0 0.650088809946714 0.35661080074487894 0.03907637655417407 0.04655493482309125
0 0.23179396092362345 0.4245810055865922 0.03019538188277087 0.0521415270018622
0 0.8952042628774423 0.4757914338919926 0.0497335701598579 0.04283054003724395
0 0.7868561278863233 0.5279329608938548 0.03907637655417407 0.061452513966480445
0 0.5168738898756661 0.5437616387337058 0.04262877442273535 0.0446927374301676
0 0.18738898756660746 0.5884543761638734 0.0586145648312611 0.0521415270018622
0 0.7753108348134992 0.6061452513966481 0.02664298401420959 0.05027932960893855
0 0.4067495559502664 0.648975791433892 0.02486678507992895 0.04283054003724395
0 0.5142095914742452 0.6582867783985102 0.04440497335701599 0.061452513966480445
0 0.35790408525754885 0.729050279329609 0.04085257548845471 0.04283054003724395
0 0.6394316163410302 0.7411545623836127 0.06394316163410302 0.0782122905027933
0 0.24600355239786856 0.925512104283054 0.06927175843694494 0.055865921787709494
0 0.6136767317939609 0.952513966480447 0.04085257548845471 0.04283054003724395
0 0.5275310834813499 0.9711359404096834 0.05328596802841918 0.054003724394785846
0 0.5959147424511545 0.9897579143389199 0.037300177619893425 0.01675977653631285
