0 0.7353463587921847 0.0223463687150838 0.0497335701598579 0.0446927374301676
0 0.27175843694493784 0.1564245810055866 0.03907637655417407 0.037243947858473
0 0.6181172291296625 0.3230912476722533 0.03197158081705151 0.06890130353817504
0 0.35346358792184723 0.37057728119180633 0.0674955595026643 0.0782122905027933
0 0.6509769094138543 0.44972067039106145 0.05150976909413854 0.061452513966480445
0 0.9449378330373002 0.4888268156424581 0.06039076376554174 0.07635009310986965
0 0.633214920071048 0.5195530726256983 0.02664298401420959 0.0446927374301676
0 0.327708703374778 0.6312849162011173 0.0905861456483126 0.11173184357541899
0 0.20781527531083482 0.6517690875232774 0.046181172291296625 0.048417132216014895
0 0.5959147424511545 0.6666666666666666 0.0586145648312611 0.0893854748603352
0 0.6820603907637656 0.9590316573556797 0.06039076376554174 0.048417132216014895
0 0.41651865008880995 0.9878957169459963 0.06927175843694494 0.020484171322160148
