0 0.7602131438721137 0.00931098696461825 0.03197158081705151 0.0186219739292365
0 0.1492007104795737 0.12756052141527002 0.05328596802841918 0.03165735567970205
0 0.22824156305506216 0.21787709497206703 0.06927175843694494 0.0856610800744879
0 0.27797513321492007 0.3026070763500931 0.04085257548845471 0.05027932960893855
0 0.15364120781527532 0.33426443202979517 0.0763765541740675 0.06517690875232775
0 0.5550621669626998 0.49534450651769085 0.06216696269982238 0.0633147113594041
0 0.911190053285968 0.5037243947858473 0.0852575488454707 0.08752327746741155
0 0.4502664298401421 0.5391061452513967 0.05150976909413854 0.05772811918063315
0 0.39342806394316165 0.5540037243947858 0.055062166962699825 0.04655493482309125
0 0.6696269982238011 0.6052141527001862 0.05328596802841918 0.0670391061452514
0 0.40852575488454707 0.6108007448789572 0.035523978685612786 0.040968342644320296
0 0.47957371225577267 0.659217877094972 0.05328596802841918 0.0521415270018622
0 0.8090586145648313 0.8109869646182495 0.06571936056838366 0.08007448789571694
0 0.2202486678507993 0.9804469273743017 0.08880994671403197 0.035381750465549346
0 0.5506216696269982 0.9878957169459963 0.056838365896980464 0.020484171322160148
