0 0.7007104795737122 0.028864059590316574 0.0905861456483126 0.05772811918063315
0 0.5772646536412078 0.14711359404096835 0.035523978685612786 0.0446927374301676
0 0.27353463587921845 0.21880819366852886 0.035523978685612786 0.05027932960893855
0 0.6412078152753108 0.2346368715083799 0.0674955595026643 0.09683426443202979
0 0.5035523978685613 0.31843575418994413 0.03019538188277087 0.040968342644320296
0 0.5808170515097691 0.36778398510242083 0.04262877442273535 0.03910614525139665
0 0.4129662522202487 0.42178770949720673 0.037300177619893425 0.04655493482309125
0 0.7779751332149201 0.4962756052141527 0.046181172291296625 0.04655493482309125
0 0.22380106571936056 0.5595903165735568 0.06039076376554174 0.061452513966480445
0 0.7655417406749556 0.5726256983240223 0.0497335701598579 0.05027932960893855
0 0.3738898756660746 0.6378026070763501 0.0586145648312611 0.05772811918063315
0 0.7433392539964476 0.8333333333333334 0.0941385435168739 0.10242085661080075
0 0.5923623445825933 0.9832402234636871 0.047957371225577264 0.0297951582867784
