0 0.10657193605683836 0.0148975791433892 0.03907637655417407 0.0297951582867784
0 0.7646536412078153 0.048417132216014895 0.055062166962699825 0.07076350093109869
0 0.3996447602131439 0.1340782122905028 0.03907637655417407 0.0670391061452514
0 0.6083481349911191 0.15549348230912477 0.047957371225577264 0.04283054003724395
0 0.5213143872113677 0.21880819366852886 0.04085257548845471 0.05027932960893855
0 0.4502664298401421 0.23649906890130354 0.04085257548845471 0.037243947858473
0 0.3872113676731794 0.2569832402234637 0.03197158081705151 0.040968342644320296
0 0.4502664298401421 0.29608938547486036 0.04085257548845471 0.0446927374301676
0 0.0586145648312611 0.3286778398510242 0.056838365896980464 0.061452513966480445
0 0.1802841918294849 0.35661080074487894 0.05150976909413854 0.061452513966480445
0 0.822380106571936 0.3891992551210428 0.07460035523978685 0.055865921787709494
0 0.5772646536412078 0.45344506517690875 0.046181172291296625 0.03165735567970205
0 0.10124333925399645 0.6052141527001862 0.06394316163410302 0.055865921787709494
0 0.5142095914742452 0.6657355679702048 0.02664298401420959 0.03910614525139665
0 0.8934280639431617 0.7318435754189944 0.028419182948490232 0.0446927374301676
0 0.3197158081705151 0.7839851024208566 0.056838365896980464 0.0335195530726257
0 0.5293072824156305 0.8556797020484171 0.0497335701598579 0.04655493482309125
