0 0.4129662522202487 0.06890130353817504 0.07282415630550622 0.0446927374301676
0 0.5976909413854352 0.08845437616387337 0.03374777975133215 0.06890130353817504
0 0.018650088809946713 0.22439478584729983 0.037300177619893425 0.035381750465549346
0 0.4866785079928952 0.23556797020484171 0.035523978685612786 0.04655493482309125
0 0.6802841918294849 0.26536312849162014 0.08170515097690942 0.07635009310986965
0 0.9387211367673179 0.4180633147113594 0.06927175843694494 0.03910614525139665
0 0.23179396092362345 0.4702048417132216 0.03019538188277087 0.05027932960893855
0 0.5532859680284192 0.47392923649906893 0.023090586145648313 0.020484171322160148
0 0.19271758436944939 0.4813780260707635 0.047957371225577264 0.061452513966480445
0 0.5337477797513321 0.5176908752327747 0.023090586145648313 0.0335195530726257
0 0.13854351687388988 0.6238361266294227 0.03907637655417407 0.037243947858473
0 0.2202486678507993 0.6266294227188082 0.03197158081705151 0.04283054003724395
0 0.4937833037300178 0.6443202979515829 0.028419182948490232 0.040968342644320296
0 0.42362344582593253 0.7094972067039106 0.03374777975133215 0.040968342644320296
0 0.327708703374778 0.7802607076350093 0.04440497335701599 0.0446927374301676
