0 0.8090586145648313 0.20577281191806332 0.06216696269982238 0.05027932960893855
0 0.436056838365897 0.24581005586592178 0.023090586145648313 0.0297951582867784
0 0.48934280639431615 0.2672253258845438 0.019538188277087035 0.024208566108007448
0 0.4325044404973357 0.29236499068901306 0.023090586145648313 0.0186219739292365
0 0.48046181172291297 0.29981378026070765 0.023090586145648313 0.0223463687150838
0 0.2690941385435169 0.30726256983240224 0.023090586145648313 0.0223463687150838
0 0.3188277087033748 0.30726256983240224 0.023090586145648313 0.0186219739292365
0 0.5559502664298401 0.3286778398510242 0.04262877442273535 0.03910614525139665
0 0.38898756660746003 0.3398510242085661 0.021314387211367674 0.020484171322160148
0 0.3259325044404973 0.38640595903165736 0.023090586145648313 0.027932960893854747
0 0.2433392539964476 0.39664804469273746 0.07460035523978685 0.0633147113594041
0 0.11012433392539965 0.4720670391061452 0.05328596802841918 0.04283054003724395
0 0.7069271758436945 0.5502793296089385 0.02486678507992895 0.054003724394785846
0 0.23712255772646537 0.5800744878957169 0.047957371225577264 0.035381750465549346
0 0.5177619893428064 0.5828677839851024 0.037300177619893425 0.040968342644320296
0 0.3383658969804618 0.6052141527001862 0.04440497335701599 0.0297951582867784
0 0.6376554174067496 0.6247672253258846 0.028419182948490232 0.024208566108007448
0 0.7238010657193605 0.6554934823091247 0.03019538188277087 0.040968342644320296
0 0.6980461811722913 0.7011173184357542 0.04262877442273535 0.06517690875232775
0 0.6474245115452931 0.729050279329609 0.03019538188277087 0.027932960893854747
0 0.5870337477797514 0.7299813780260708 0.019538188277087035 0.040968342644320296
0 0.22380106571936056 0.7588454376163873 0.03197158081705151 0.035381750465549346
0 0.5275310834813499 0.7849162011173184 0.05328596802841918 0.03910614525139665
0 0.3978685612788632 0.8361266294227188 0.035523978685612786 0.037243947858473
0 0.46714031971580816 0.8370577281191807 0.0497335701598579 0.06517690875232775
0 0.32238010657193605 0.8435754189944135 0.019538188277087035 0.0521415270018622
0 0.11989342806394317 0.8891992551210428 0.04085257548845471 0.061452513966480445
0 0.38188277087033745 0.9171322160148976 0.03907637655417407 0.03910614525139665
