0 0.8481349911190054 0.0111731843575419 0.06216696269982238 0.0223463687150838
0 0.738898756660746 0.024208566108007448 0.03907637655417407 0.040968342644320296
0 0.3827708703374778 0.048417132216014895 0.07282415630550622 0.0633147113594041
0 0.30905861456483125 0.09217877094972067 0.10657193605683836 0.08379888268156424
0 0.18561278863232683 0.14152700186219738 0.04440497335701599 0.0335195530726257
0 0.8410301953818827 0.15176908752327747 0.0586145648312611 0.035381750465549346
0 0.4946714031971581 0.18808193668528864 0.03374777975133215 0.0521415270018622
0 0.5737122557726465 0.24860335195530725 0.028419182948490232 0.06890130353817504
0 0.9378330373001776 0.3463687150837989 0.0674955595026643 0.0335195530726257
0 0.4067495559502664 0.37988826815642457 0.03197158081705151 0.0633147113594041
0 0.9635879218472468 0.5623836126629422 0.02664298401420959 0.048417132216014895
0 0.3996447602131439 0.5679702048417132 0.028419182948490232 0.037243947858473
0 0.06127886323268206 0.574487895716946 0.03374777975133215 0.03165735567970205
0 0.108348134991119 0.6499068901303539 0.03907637655417407 0.037243947858473
0 0.3463587921847247 0.6499068901303539 0.028419182948490232 0.037243947858473
0 0.5630550621669627 0.7178770949720671 0.04262877442273535 0.04283054003724395
0 0.34458259325044405 0.729050279329609 0.017761989342806393 0.04283054003724395
0 0.4857904085257549 0.7523277467411545 0.04085257548845471 0.037243947858473
0 0.5035523978685613 0.9562383612662942 0.0586145648312611 0.061452513966480445
0 0.12255772646536411 0.9683426443202979 0.09591474245115453 0.0595903165735568
