0 0.29396092362344584 0.2644320297951583 0.0586145648312611 0.0633147113594041
0 0.19626998223801065 0.06238361266294227 0.0586145648312611 0.05027932960893855
0 0.27087033747779754 0.036312849162011177 0.047957371225577264 0.03165735567970205
0 0.41207815275310833 0.1154562383612663 0.03907637655417407 0.048417132216014895
0 0.4351687388987567 0.16387337057728119 0.03907637655417407 0.0446927374301676
0 0.3969804618117229 0.23556797020484171 0.02664298401420959 0.03910614525139665
0 0.47602131438721135 0.2122905027932961 0.05328596802841918 0.040968342644320296
0 0.5799289520426287 0.45251396648044695 0.019538188277087035 0.0446927374301676
0 0.30017761989342806 0.4851024208566108 0.028419182948490232 0.03910614525139665
0 0.5355239786856127 0.49441340782122906 0.03019538188277087 0.03910614525139665
0 0.6660746003552398 0.6415270018621974 0.0497335701598579 0.04655493482309125
0 0.35968028419182946 0.8463687150837989 0.055062166962699825 0.06517690875232775
0 0.46625222024866786 0.9236499068901304 0.06927175843694494 0.055865921787709494
0 0.5239786856127886 0.9851024208566108 0.035523978685612786 0.0260707635009311
0 0.8863232682060391 0.6573556797020484 0.03197158081705151 0.0446927374301676
0 0.8916518650088809 0.5763500931098696 0.03907637655417407 0.05027932960893855
0 0.19005328596802842 0.7383612662942272 0.02486678507992895 0.024208566108007448
0 0.23712255772646537 0.8184357541899442 0.03374777975133215 0.03910614525139665
0 0.31527531083481347 0.7160148975791434 0.03019538188277087 0.03165735567970205
0 0.29396092362344584 0.6536312849162011 0.02664298401420959 0.0335195530726257
0 0.1492007104795737 0.6108007448789572 0.03197158081705151 0.0297951582867784
0 0.008880994671403197 0.48417132216014896 0.017761989342806393 0.0595903165735568
0 0.0719360568383659 0.4972067039106145 0.019538188277087035 0.0186219739292365
0 0.10923623445825932 0.35288640595903165 0.02664298401420959 0.04655493482309125
0 0.1802841918294849 0.2309124767225326 0.037300177619893425 0.0186219739292365
0 0.18561278863232683 0.313780260707635 0.023090586145648313 0.020484171322160148
0 0.1802841918294849 0.3947858472998138 0.023090586145648313 0.0186219739292365
