0 0.1492007104795737 0.2579143389199255 0.05328596802841918 0.054003724394785846
0 0.22824156305506216 0.3957169459962756 0.04085257548845471 0.04655493482309125
0 0.03108348134991119 0.664804469273743 0.06216696269982238 0.0260707635009311
0 0.03463587921847247 0.7085661080074488 0.055062166962699825 0.05027932960893855
0 0.10390763765541741 0.6815642458100558 0.03374777975133215 0.0260707635009311
0 0.08880994671403197 0.46368715083798884 0.03907637655417407 0.055865921787709494
0 0.20159857904085257 0.6098696461824954 0.02664298401420959 0.054003724394785846
0 0.3614564831261101 0.6154562383612663 0.04085257548845471 0.04655493482309125
0 0.3561278863232682 0.840782122905028 0.037300177619893425 0.04283054003724395
0 0.16163410301953818 0.8389199255121043 0.05328596802841918 0.03165735567970205
0 0.42451154529307283 0.7690875232774674 0.03197158081705151 0.037243947858473
0 0.3872113676731794 0.797951582867784 0.056838365896980464 0.04655493482309125
0 0.61101243339254 0.6694599627560521 0.017761989342806393 0.027932960893854747
0 0.6190053285968028 0.6135940409683427 0.03374777975133215 0.024208566108007448
0 0.5195381882770871 0.5400372439478585 0.037300177619893425 0.040968342644320296
0 0.6589698046181173 0.4748603351955307 0.056838365896980464 0.037243947858473
0 0.5390763765541741 0.28212290502793297 0.03374777975133215 0.06890130353817504
0 0.6030195381882771 0.3268156424581006 0.03374777975133215 0.04283054003724395
0 0.6021314387211367 0.3761638733705773 0.03197158081705151 0.0223463687150838
0 0.3978685612788632 0.3621973929236499 0.010657193605683837 0.05027932960893855
0 0.4511545293072824 0.3715083798882682 0.021314387211367674 0.03910614525139665
