0 0.3543516873889876 0.2467411545623836 0.03019538188277087 0.06517690875232775
0 0.11456483126110124 0.0595903165735568 0.07992895204262877 0.0446927374301676
0 0.21047957371225579 0.01303538175046555 0.02664298401420959 0.0260707635009311
0 0.4849023090586146 0.012104283054003724 0.014209591474245116 0.024208566108007448
0 0.6234458259325044 0.049348230912476726 0.028419182948490232 0.03910614525139665
0 0.25133214920071045 0.5921787709497207 0.06216696269982238 0.0670391061452514
0 0.3339253996447602 0.7811918063314711 0.03907637655417407 0.061452513966480445
0 0.44582593250444047 0.6759776536312849 0.05328596802841918 0.048417132216014895
0 0.6509769094138543 0.574487895716946 0.05150976909413854 0.035381750465549346
0 0.566607460035524 0.3398510242085661 0.021314387211367674 0.04283054003724395
0 0.6492007104795737 0.3743016759776536 0.06927175843694494 0.0521415270018622
0 0.4005328596802842 0.3891992551210428 0.02664298401420959 0.0260707635009311
0 0.014209591474245116 0.7486033519553073 0.028419182948490232 0.037243947858473
0 0.7797513321492007 0.866852886405959 0.04262877442273535 0.05772811918063315
0 0.6465364120781527 0.9059590316573557 0.028419182948490232 0.024208566108007448
