0 0.15719360568383658 0.7364990689013036 0.055062166962699825 0.03165735567970205
0 0.2069271758436945 0.6694599627560521 0.04085257548845471 0.035381750465549346
0 0.2539964476021314 0.6694599627560521 0.02486678507992895 0.03910614525139665
0 0.38987566607460034 0.6424581005586593 0.055062166962699825 0.0521415270018622
0 0.0586145648312611 0.4972067039106145 0.03907637655417407 0.0446927374301676
0 0.3419182948490231 0.3770949720670391 0.047957371225577264 0.05027932960893855
0 0.25133214920071045 0.43482309124767227 0.03374777975133215 0.03910614525139665
0 0.3552397868561279 0.027932960893854747 0.046181172291296625 0.055865921787709494
0 0.3463587921847247 0.1527001862197393 0.03907637655417407 0.0633147113594041
0 0.035523978685612786 0.34543761638733705 0.0497335701598579 0.09869646182495345
0 0.019538188277087035 0.425512104283054 0.03907637655417407 0.05772811918063315
0 0.130550621669627 0.34916201117318435 0.02664298401420959 0.05772811918063315
0 0.627886323268206 0.4143389199255121 0.04085257548845471 0.06517690875232775
0 0.605683836589698 0.2430167597765363 0.035523978685612786 0.04655493482309125
0 0.7024866785079928 0.12476722532588454 0.023090586145648313 0.0446927374301676
0 0.8801065719360568 0.5484171322160148 0.037300177619893425 0.05027932960893855
0 0.3996447602131439 0.8919925512104283 0.03197158081705151 0.037243947858473
