0 0.27087033747779754 0.5223463687150838 0.03019538188277087 0.04655493482309125
0 0.1882770870337478 0.4450651769087523 0.02486678507992895 0.037243947858473
0 0.130550621669627 0.5 0.03019538188277087 0.04655493482309125
0 0.38188277087033745 0.7737430167597765 0.05328596802841918 0.04283054003724395
0 0.46181172291296624 0.5986964618249534 0.017761989342806393 0.020484171322160148
0 0.5124333925399644 0.5754189944134078 0.019538188277087035 0.037243947858473
0 0.5994671403197158 0.6042830540037244 0.015985790408525755 0.035381750465549346
0 0.6216696269982238 0.5204841713221602 0.03907637655417407 0.03165735567970205
0 0.5719360568383659 0.3472998137802607 0.03907637655417407 0.03910614525139665
0 0.7504440497335702 0.164804469273743 0.03374777975133215 0.03910614525139665
0 0.6447602131438721 0.31471135940409684 0.05328596802841918 0.0446927374301676
0 0.8312611012433393 0.29608938547486036 0.035523978685612786 0.048417132216014895
0 0.8543516873889876 0.3268156424581006 0.021314387211367674 0.04655493482309125
0 0.6412078152753108 0.08193668528864059 0.028419182948490232 0.0297951582867784
0 0.108348134991119 0.8743016759776536 0.028419182948490232 0.05772811918063315
0 0.15186500888099466 0.8305400372439479 0.04085257548845471 0.040968342644320296
0 0.36767317939609234 0.8994413407821229 0.028419182948490232 0.0223463687150838
0 0.23001776198934282 0.8975791433891993 0.019538188277087035 0.0260707635009311
0 0.3046181172291297 0.7951582867783985 0.019538188277087035 0.037243947858473
