0 0.30728241563055064 0.2644320297951583 0.0497335701598579 0.048417132216014895
0 0.23090586145648312 0.14432029795158285 0.046181172291296625 0.054003724394785846
0 0.11101243339253997 0.07541899441340782 0.04085257548845471 0.035381750465549346
0 0.20781527531083482 0.015828677839851025 0.021314387211367674 0.03165735567970205
0 0.4698046181172291 0.5819366852886406 0.03374777975133215 0.035381750465549346
0 0.19005328596802842 0.48044692737430167 0.03907637655417407 0.0186219739292365
0 0.19271758436944939 0.5633147113594041 0.03019538188277087 0.04655493482309125
0 0.11190053285968028 0.6852886405959032 0.056838365896980464 0.0335195530726257
0 0.4698046181172291 0.7346368715083799 0.015985790408525755 0.035381750465549346
0 0.5914742451154529 0.7718808193668529 0.06394316163410302 0.04283054003724395
0 0.6598579040852576 0.6415270018621974 0.037300177619893425 0.03910614525139665
0 0.2433392539964476 0.9897579143389199 0.028419182948490232 0.01675977653631285
0 0.7753108348134992 0.7364990689013036 0.02664298401420959 0.04655493482309125
0 0.7229129662522202 0.7467411545623837 0.028419182948490232 0.037243947858473
0 0.7255772646536413 0.7932960893854749 0.03019538188277087 0.037243947858473
0 0.61101243339254 0.3817504655493482 0.028419182948490232 0.0446927374301676
0 0.6989342806394316 0.3249534450651769 0.023090586145648313 0.035381750465549346
0 0.6696269982238011 0.09683426443202979 0.017761989342806393 0.040968342644320296
0 0.7326820603907638 0.12756052141527002 0.019538188277087035 0.01303538175046555
0 0.8161634103019538 0.20763500931098697 0.037300177619893425 0.03165735567970205
0 0.8294849023090586 0.28957169459962756 0.021314387211367674 0.035381750465549346
0 0.8543516873889876 0.3612662942271881 0.03197158081705151 0.040968342644320296
0 0.9662522202486679 0.6201117318435754 0.028419182948490232 0.0186219739292365
