0 0.4058614564831261 0.26256983240223464 0.06927175843694494 0.0446927374301676
0 0.3960923623445826 0.29702048417132215 0.035523978685612786 0.03165735567970205
0 0.6207815275310835 0.39013035381750466 0.02664298401420959 0.03165735567970205
0 0.7717584369449378 0.4301675977653631 0.06571936056838366 0.0670391061452514
0 0.8792184724689165 0.5614525139664804 0.028419182948490232 0.035381750465549346
0 0.9760213143872114 0.7569832402234636 0.03374777975133215 0.04655493482309125
0 0.9262877442273535 0.7672253258845437 0.015985790408525755 0.0297951582867784
0 0.28063943161634103 0.5195530726256983 0.04262877442273535 0.040968342644320296
0 0.39520426287744226 0.595903165735568 0.04085257548845471 0.0223463687150838
0 0.2841918294849023 0.6713221601489758 0.06039076376554174 0.05772811918063315
0 0.5266429840142096 0.7318435754189944 0.03374777975133215 0.08193668528864059
0 0.6216696269982238 0.7262569832402235 0.06394316163410302 0.0446927374301676
0 0.6616341030195382 0.6843575418994413 0.02664298401420959 0.03165735567970205
0 0.29307282415630553 0.8379888268156425 0.05328596802841918 0.048417132216014895
0 0.35790408525754885 0.8417132216014898 0.04085257548845471 0.0446927374301676
0 0.1447602131438721 0.61731843575419 0.055062166962699825 0.03910614525139665
0 0.13676731793960922 0.9515828677839852 0.028419182948490232 0.0633147113594041
0 0.4626998223801066 0.659217877094972 0.03374777975133215 0.0446927374301676
0 0.5630550621669627 0.5400372439478585 0.017761989342806393 0.0335195530726257
0 0.6216696269982238 0.5996275605214153 0.03907637655417407 0.0260707635009311
