0 0.08880994671403197 0.3463687150837989 0.07815275310834814 0.07076350093109869
0 0.3410301953818828 0.2839851024208566 0.06394316163410302 0.061452513966480445
0 0.34991119005328597 0.09031657355679702 0.04262877442273535 0.04655493482309125
0 0.22380106571936056 0.15735567970204842 0.046181172291296625 0.05027932960893855
0 0.2024866785079929 0.4478584729981378 0.035523978685612786 0.04283054003724395
0 0.458259325044405 0.6247672253258846 0.056838365896980464 0.06890130353817504
0 0.2468916518650089 0.7271880819366853 0.06039076376554174 0.05027932960893855
0 0.325044404973357 0.6722532588454376 0.021314387211367674 0.0223463687150838
0 0.32238010657193605 0.7579143389199255 0.03019538188277087 0.0446927374301676
0 0.6127886323268206 0.0297951582867784 0.03907637655417407 0.037243947858473
0 0.48312611012433393 0.38733705772811916 0.017761989342806393 0.0260707635009311
0 0.7353463587921847 0.25605214152700184 0.028419182948490232 0.04655493482309125
0 0.6785079928952042 0.547486033519553 0.03197158081705151 0.0260707635009311
0 0.80550621669627 0.7653631284916201 0.037300177619893425 0.048417132216014895
0 0.4866785079928952 0.9078212290502793 0.02486678507992895 0.035381750465549346
