0 0.30017761989342806 0.33798882681564246 0.021314387211367674 0.061452513966480445
0 0.2984014209591474 0.0074487895716946 0.02486678507992895 0.0148975791433892
0 0.3383658969804618 0.008379888268156424 0.03019538188277087 0.01675977653631285
0 0.21314387211367672 0.42830540037243947 0.0497335701598579 0.037243947858473
0 0.40142095914742454 0.515828677839851 0.03197158081705151 0.0260707635009311
0 0.5719360568383659 0.4376163873370577 0.046181172291296625 0.040968342644320296
0 0.6341030195381883 0.35661080074487894 0.04262877442273535 0.05772811918063315
0 0.5532859680284192 0.27281191806331473 0.02664298401420959 0.03910614525139665
0 0.44760213143872113 0.2756052141527002 0.03197158081705151 0.040968342644320296
0 0.5728241563055062 0.30353817504655495 0.02664298401420959 0.0260707635009311
0 0.33747779751332146 0.21415270018621974 0.02486678507992895 0.0186219739292365
0 0.15364120781527532 0.6368715083798883 0.047957371225577264 0.048417132216014895
0 0.1447602131438721 0.7374301675977654 0.05150976909413854 0.0446927374301676
0 0.2699822380106572 0.8128491620111732 0.06394316163410302 0.04655493482309125
0 0.18383658969804617 0.8528864059590316 0.037300177619893425 0.048417132216014895
0 0.6953818827708703 0.659217877094972 0.02664298401420959 0.0335195530726257
0 0.6953818827708703 0.7355679702048417 0.03019538188277087 0.0335195530726257
0 0.4058614564831261 0.8333333333333334 0.023090586145648313 0.03165735567970205
0 0.13676731793960922 0.5018621973929237 0.02486678507992895 0.024208566108007448
0 0.08348134991119005 0.6973929236499069 0.028419182948490232 0.03165735567970205
0 0.29040852575488457 0.6163873370577281 0.023090586145648313 0.0260707635009311
