0 0.13943161634103018 0.6135940409683427 0.07282415630550622 0.04655493482309125
0 0.20515097690941386 0.6415270018621974 0.04440497335701599 0.03910614525139665
0 0.19626998223801065 0.7169459962756052 0.05150976909413854 0.040968342644320296
0 0.38543516873889877 0.521415270018622 0.028419182948490232 0.0260707635009311
0 0.02575488454706927 0.29329608938547486 0.03019538188277087 0.054003724394785846
0 0.37300177619893427 0.11266294227188083 0.03907637655417407 0.054003724394785846
0 0.2531083481349911 0.013966480446927373 0.03019538188277087 0.027932960893854747
0 0.18738898756660746 0.013966480446927373 0.03374777975133215 0.027932960893854747
0 0.4955595026642984 0.6480446927374302 0.035523978685612786 0.0446927374301676
0 0.5079928952042628 0.6266294227188082 0.03197158081705151 0.04655493482309125
0 0.5657193605683837 0.6852886405959032 0.03374777975133215 0.0521415270018622
0 0.6474245115452931 0.8202979515828678 0.06216696269982238 0.04655493482309125
0 0.12966252220248667 0.8379888268156425 0.04262877442273535 0.040968342644320296
0 0.21492007104795738 0.9767225325884544 0.028419182948490232 0.035381750465549346
0 0.633214920071048 0.9934823091247672 0.03374777975133215 0.00931098696461825
0 0.07282415630550622 0.186219739292365 0.028419182948490232 0.040968342644320296
0 0.46092362344582594 0.3026070763500931 0.02664298401420959 0.024208566108007448
0 0.25932504440497334 0.20577281191806332 0.03197158081705151 0.024208566108007448
