0 0.5310834813499112 0.19366852886405958 0.035523978685612786 0.0521415270018622
0 0.27708703374777977 0.20204841713221602 0.04262877442273535 0.03165735567970205
0 0.40142095914742454 0.30353817504655495 0.03907637655417407 0.048417132216014895
0 0.2477797513321492 0.33519553072625696 0.02664298401420959 0.048417132216014895
0 0.07371225577264653 0.3808193668528864 0.023090586145648313 0.035381750465549346
0 0.6705150976909414 0.38733705772811916 0.037300177619893425 0.040968342644320296
0 0.8641207815275311 0.43854748603351956 0.03374777975133215 0.03165735567970205
0 0.1989342806394316 0.45251396648044695 0.028419182948490232 0.0335195530726257
0 0.5159857904085258 0.46834264432029793 0.037300177619893425 0.061452513966480445
0 0.023090586145648313 0.4702048417132216 0.028419182948490232 0.03910614525139665
0 0.4067495559502664 0.5130353817504656 0.03197158081705151 0.03165735567970205
0 0.6447602131438721 0.5148975791433892 0.03907637655417407 0.035381750465549346
0 0.24067495559502664 0.5521415270018621 0.037300177619893425 0.035381750465549346
0 0.20603907637655416 0.7783985102420856 0.03197158081705151 0.048417132216014895
0 0.4413854351687389 0.7998137802607076 0.04085257548845471 0.035381750465549346
0 0.6856127886323268 0.9171322160148976 0.03907637655417407 0.05772811918063315
0 0.04262877442273535 0.9413407821229051 0.03197158081705151 0.03910614525139665
0 0.25044404973357015 0.9878957169459963 0.04262877442273535 0.020484171322160148
0 0.0941385435168739 0.9851024208566108 0.035523978685612786 0.0260707635009311
