0 0.33037300177619894 0.0111731843575419 0.03907637655417407 0.0223463687150838
0 0.2655417406749556 0.013966480446927373 0.04440497335701599 0.027932960893854747
0 0.30106571936056836 0.19273743016759776 0.02664298401420959 0.03165735567970205
0 0.43072824156305506 0.239292364990689 0.02664298401420959 0.03165735567970205
0 0.6838365896980462 0.29236499068901306 0.028419182948490232 0.0260707635009311
0 0.7300177619893428 0.3770949720670391 0.03197158081705151 0.05027932960893855
0 0.1341030195381883 0.3817504655493482 0.037300177619893425 0.0223463687150838
0 0.46802841918294846 0.40037243947858475 0.047957371225577264 0.0297951582867784
0 0.6509769094138543 0.40130353817504655 0.04440497335701599 0.04283054003724395
0 0.2255772646536412 0.40409683426443205 0.03197158081705151 0.0260707635009311
0 0.1172291296625222 0.48324022346368717 0.021314387211367674 0.035381750465549346
0 0.38987566607460034 0.5409683426443203 0.04440497335701599 0.061452513966480445
0 0.6758436944937833 0.547486033519553 0.04085257548845471 0.0446927374301676
0 0.07726465364120781 0.6303538175046555 0.037300177619893425 0.03165735567970205
0 0.11545293072824156 0.6694599627560521 0.028419182948490232 0.027932960893854747
0 0.6953818827708703 0.972998137802607 0.02664298401420959 0.03165735567970205
