0 0.48134991119005327 0.00931098696461825 0.03197158081705151 0.0186219739292365
0 0.6607460035523979 0.06890130353817504 0.035523978685612786 0.0446927374301676
0 0.7122557726465364 0.11080074487895716 0.046181172291296625 0.03910614525139665
0 0.3907637655417407 0.1340782122905028 0.035523978685612786 0.0633147113594041
0 0.302841918294849 0.20391061452513967 0.04085257548845471 0.03910614525139665
0 0.48756660746003555 0.24394785847299813 0.05150976909413854 0.040968342644320296
0 0.13765541740674955 0.3687150837988827 0.02664298401420959 0.040968342644320296
0 0.07282415630550622 0.40409683426443205 0.03907637655417407 0.037243947858473
0 0.1811722912966252 0.4292364990689013 0.035523978685612786 0.03910614525139665
0 0.6447602131438721 0.46834264432029793 0.03907637655417407 0.04655493482309125
0 0.108348134991119 0.49534450651769085 0.02486678507992895 0.040968342644320296
0 0.23623445825932504 0.515828677839851 0.056838365896980464 0.055865921787709494
0 0.0905861456483126 0.5633147113594041 0.0497335701598579 0.05772811918063315
0 0.29040852575488457 0.6657355679702048 0.03019538188277087 0.03910614525139665
0 0.7753108348134992 0.6890130353817505 0.04085257548845471 0.040968342644320296
0 0.7211367673179396 0.7094972067039106 0.03907637655417407 0.0335195530726257
0 0.24600355239786856 0.7216014897579144 0.023090586145648313 0.03910614525139665
0 0.6793960923623446 0.7895716945996276 0.02664298401420959 0.037243947858473
0 0.7655417406749556 0.8696461824953445 0.03197158081705151 0.0297951582867784
