0 0.017761989342806393 0.10986964618249534 0.035523978685612786 0.0633147113594041
0 0.15364120781527532 0.15921787709497207 0.05150976909413854 0.05027932960893855
0 0.6865008880994672 0.21601489757914338 0.0586145648312611 0.07076350093109869
0 0.11456483126110124 0.22160148975791433 0.04440497335701599 0.055865921787709494
0 0.0994671403197158 0.40037243947858475 0.02486678507992895 0.040968342644320296
0 0.0497335701598579 0.4245810055865922 0.028419182948490232 0.0297951582867784
0 0.10301953818827708 0.4404096834264432 0.03197158081705151 0.04283054003724395
0 0.17229129662522202 0.4543761638733706 0.035523978685612786 0.0521415270018622
0 0.7238010657193605 0.49068901303538176 0.037300177619893425 0.05027932960893855
0 0.6616341030195382 0.5865921787709497 0.03019538188277087 0.040968342644320296
0 0.8436944937833037 0.5931098696461825 0.08170515097690942 0.05027932960893855
0 0.29573712255772644 0.5986964618249534 0.02664298401420959 0.04283054003724395
0 0.09325044404973357 0.664804469273743 0.037300177619893425 0.037243947858473
0 0.6598579040852576 0.6824953445065177 0.03374777975133215 0.04655493482309125
0 0.31793960923623443 0.6843575418994413 0.03197158081705151 0.05027932960893855
0 0.6705150976909414 0.7411545623836127 0.04440497335701599 0.0335195530726257
0 0.03996447602131439 0.8500931098696461 0.047957371225577264 0.061452513966480445
0 0.20071047957371227 0.9329608938547486 0.056838365896980464 0.0335195530726257
