0 0.47957371225577267 0.035381750465549346 0.05328596802841918 0.07076350093109869
0 0.6216696269982238 0.05493482309124767 0.05328596802841918 0.054003724394785846
0 0.7824156305506217 0.18528864059590316 0.0586145648312611 0.054003724394785846
0 0.3747779751332149 0.19553072625698323 0.06039076376554174 0.055865921787709494
0 0.4573712255772647 0.2346368715083799 0.04440497335701599 0.0521415270018622
0 0.28596802841918295 0.2579143389199255 0.07460035523978685 0.06890130353817504
0 0.6714031971580817 0.2905027932960894 0.056838365896980464 0.0595903165735568
0 0.4325044404973357 0.3221601489757914 0.05150976909413854 0.0595903165735568
0 0.5364120781527532 0.33054003724394787 0.06394316163410302 0.06890130353817504
0 0.31793960923623443 0.3845437616387337 0.06039076376554174 0.04283054003724395
0 0.010657193605683837 0.4301675977653631 0.021314387211367674 0.0633147113594041
0 0.5568383658969804 0.4338919925512104 0.04085257548845471 0.0521415270018622
0 0.1714031971580817 0.45344506517690875 0.04440497335701599 0.05772811918063315
0 0.6927175843694494 0.4776536312849162 0.05328596802841918 0.06517690875232775
0 0.5746003552397868 0.5335195530726257 0.03374777975133215 0.04655493482309125
0 0.8206039076376554 0.5633147113594041 0.08170515097690942 0.05772811918063315
0 0.11190053285968028 0.5772811918063314 0.046181172291296625 0.0595903165735568
0 0.3046181172291297 0.5856610800744879 0.0586145648312611 0.05772811918063315
0 0.5630550621669627 0.6582867783985102 0.05328596802841918 0.061452513966480445
0 0.7788632326820604 0.6685288640595903 0.04085257548845471 0.0633147113594041
0 0.655417406749556 0.7597765363128491 0.06039076376554174 0.0521415270018622
0 0.3383658969804618 0.7932960893854749 0.047957371225577264 0.0782122905027933
0 0.21580817051509768 0.835195530726257 0.04440497335701599 0.054003724394785846
0 0.6349911190053286 0.9264432029795159 0.055062166962699825 0.06517690875232775
