0 0.22291296625222023 0.0074487895716946 0.055062166962699825 0.0148975791433892
0 0.31616341030195383 0.006517690875232775 0.056838365896980464 0.01303538175046555
0 0.43783303730017764 0.024208566108007448 0.0586145648312611 0.048417132216014895
0 0.6012433392539964 0.04655493482309125 0.03019538188277087 0.040968342644320296
0 0.36767317939609234 0.0633147113594041 0.02486678507992895 0.037243947858473
0 0.26465364120781526 0.0931098696461825 0.04262877442273535 0.037243947858473
0 0.7415630550621669 0.13314711359404097 0.04440497335701599 0.035381750465549346
0 0.24866785079928952 0.15921787709497207 0.03907637655417407 0.024208566108007448
0 0.4103019538188277 0.19925512104283055 0.04262877442273535 0.037243947858473
0 0.35257548845470693 0.21042830540037244 0.03374777975133215 0.0521415270018622
0 0.4351687388987567 0.2746741154562384 0.06394316163410302 0.05772811918063315
0 0.34369449378330375 0.2877094972067039 0.05150976909413854 0.054003724394785846
0 0.39520426287744226 0.29702048417132215 0.037300177619893425 0.027932960893854747
0 0.5097690941385435 0.3240223463687151 0.046181172291296625 0.0521415270018622
0 0.3543516873889876 0.3333333333333333 0.037300177619893425 0.0335195530726257
0 0.8454706927175843 0.3426443202979516 0.0497335701598579 0.037243947858473
0 0.26376554174067496 0.40782122905027934 0.03019538188277087 0.0335195530726257
0 0.3330373001776199 0.4143389199255121 0.04440497335701599 0.03910614525139665
0 0.1447602131438721 0.45251396648044695 0.03374777975133215 0.0335195530726257
0 0.8214920071047958 0.4720670391061452 0.047957371225577264 0.061452513966480445
0 0.23090586145648312 0.4813780260707635 0.035523978685612786 0.04283054003724395
0 0.5932504440497336 0.4888268156424581 0.04262877442273535 0.05772811918063315
0 0.6980461811722913 0.5186219739292365 0.03907637655417407 0.04283054003724395
0 0.3561278863232682 0.5949720670391061 0.06571936056838366 0.05772811918063315
0 0.8206039076376554 0.6098696461824954 0.07104795737122557 0.06890130353817504
0 0.33747779751332146 0.7383612662942272 0.05328596802841918 0.07262569832402235
0 0.12078152753108348 0.7932960893854749 0.046181172291296625 0.040968342644320296
0 0.3703374777975133 0.8100558659217877 0.0586145648312611 0.0595903165735568
0 0.2069271758436945 0.9832402234636871 0.03374777975133215 0.0297951582867784
0 0.46802841918294846 0.9916201117318436 0.047957371225577264 0.01303538175046555
