0 0.34902309058614567 0.16573556797020483 0.04085257548845471 0.0335195530726257
0 0.35879218472468916 0.22905027932960895 0.04262877442273535 0.0335195530726257
0 0.0053285968028419185 0.23184357541899442 0.010657193605683837 0.035381750465549346
0 0.7619893428063943 0.27932960893854747 0.04262877442273535 0.048417132216014895
0 0.7406749555950266 0.3258845437616387 0.04262877442273535 0.037243947858473
0 0.6865008880994672 0.3268156424581006 0.03374777975133215 0.03910614525139665
0 0.7921847246891652 0.36405959031657353 0.03907637655417407 0.03165735567970205
0 0.5648312611012434 0.40409683426443205 0.04262877442273535 0.037243947858473
0 0.7930728241563055 0.441340782122905 0.04085257548845471 0.037243947858473
0 0.1811722912966252 0.49162011173184356 0.02486678507992895 0.0335195530726257
0 0.5879218472468917 0.49534450651769085 0.03197158081705151 0.040968342644320296
0 0.6607460035523979 0.5195530726256983 0.035523978685612786 0.0335195530726257
0 0.61101243339254 0.5661080074487895 0.03197158081705151 0.037243947858473
0 0.11367673179396093 0.5949720670391061 0.03197158081705151 0.027932960893854747
0 0.4733570159857904 0.5949720670391061 0.05150976909413854 0.05772811918063315
0 0.6767317939609236 0.6052141527001862 0.02486678507992895 0.048417132216014895
0 0.043516873889875664 0.6061452513966481 0.03374777975133215 0.03165735567970205
0 0.29573712255772644 0.6517690875232774 0.04440497335701599 0.037243947858473
0 0.522202486678508 0.7122905027932961 0.04262877442273535 0.03165735567970205
0 0.6394316163410302 0.7392923649906891 0.06394316163410302 0.0446927374301676
0 0.7815275310834814 0.7560521415270018 0.05328596802841918 0.0633147113594041
0 0.38632326820603907 0.7970204841713222 0.03019538188277087 0.0297951582867784
0 0.6696269982238011 0.8687150837988827 0.05328596802841918 0.04655493482309125
