0 0.5088809946714032 0.030726256983240222 0.05150976909413854 0.061452513966480445
0 0.3561278863232682 0.18994413407821228 0.03019538188277087 0.037243947858473
0 0.4422735346358792 0.34823091247672255 0.03197158081705151 0.0297951582867784
0 0.5364120781527532 0.36405959031657353 0.046181172291296625 0.04283054003724395
0 0.6518650088809946 0.3845437616387337 0.04262877442273535 0.054003724394785846
0 0.4866785079928952 0.43575418994413406 0.035523978685612786 0.0521415270018622
0 0.6642984014209592 0.4543761638733706 0.04262877442273535 0.0446927374301676
0 0.017761989342806393 0.5493482309124768 0.035523978685612786 0.055865921787709494
0 0.9289520426287744 0.5521415270018621 0.03907637655417407 0.04655493482309125
0 0.3463587921847247 0.5949720670391061 0.05328596802841918 0.03910614525139665
0 0.9280639431616341 0.6052141527001862 0.04440497335701599 0.0595903165735568
0 0.48134991119005327 0.6070763500931099 0.03907637655417407 0.0521415270018622
0 0.2566607460035524 0.6471135940409684 0.07992895204262877 0.06517690875232775
0 0.7682060390763765 0.6573556797020484 0.055062166962699825 0.0670391061452514
0 0.5133214920071048 0.7216014897579144 0.0497335701598579 0.07635009310986965
0 0.6918294849023091 0.8212290502793296 0.02664298401420959 0.0335195530726257
0 0.5044404973357016 0.8463687150837989 0.0497335701598579 0.07635009310986965
0 0.6563055062166963 0.8482309124767226 0.04440497335701599 0.05772811918063315
0 0.15719360568383658 0.8556797020484171 0.047957371225577264 0.04655493482309125
0 0.5657193605683837 0.8929236499068901 0.04085257548845471 0.05772811918063315
0 0.19094138543516873 0.904096834264432 0.06571936056838366 0.054003724394785846
0 0.10124333925399645 0.9273743016759777 0.05328596802841918 0.0595903165735568
