0 0.46181172291296624 0.00931098696461825 0.035523978685612786 0.0186219739292365
0 0.605683836589698 0.0260707635009311 0.021314387211367674 0.0297951582867784
0 0.6429840142095915 0.048417132216014895 0.02486678507992895 0.037243947858473
0 0.3747779751332149 0.13594040968342644 0.03197158081705151 0.037243947858473
0 0.4325044404973357 0.1564245810055866 0.02664298401420959 0.0335195530726257
0 0.6438721136767318 0.17690875232774675 0.06571936056838366 0.048417132216014895
0 0.40142095914742454 0.21135940409683426 0.035523978685612786 0.03165735567970205
0 0.8525754884547069 0.2569832402234637 0.046181172291296625 0.048417132216014895
0 0.6456483126110124 0.3752327746741155 0.03019538188277087 0.04655493482309125
0 0.21492007104795738 0.40502793296089384 0.028419182948490232 0.035381750465549346
0 0.30550621669627 0.425512104283054 0.02486678507992895 0.03910614525139665
0 0.27353463587921845 0.5027932960893855 0.04262877442273535 0.048417132216014895
0 0.3783303730017762 0.5288640595903166 0.04262877442273535 0.040968342644320296
0 0.32326820603907636 0.547486033519553 0.017761989342806393 0.0335195530726257
0 0.6341030195381883 0.5679702048417132 0.03907637655417407 0.07076350093109869
0 0.6101243339253997 0.6042830540037244 0.03374777975133215 0.035381750465549346
0 0.17939609236234458 0.6582867783985102 0.028419182948490232 0.035381750465549346
0 0.5577264653641207 0.659217877094972 0.028419182948490232 0.0335195530726257
0 0.6678507992895204 0.6843575418994413 0.028419182948490232 0.035381750465549346
0 0.6518650088809946 0.7532588454376163 0.06039076376554174 0.054003724394785846
0 0.46536412078152756 0.8333333333333334 0.0497335701598579 0.04655493482309125
0 0.2966252220248668 0.8342644320297952 0.035523978685612786 0.037243947858473
0 0.24156305506216696 0.9767225325884544 0.07815275310834814 0.04283054003724395
