0 0.5452930728241563 0.15456238361266295 0.06039076376554174 0.037243947858473
0 0.7646536412078153 0.19366852886405958 0.023090586145648313 0.048417132216014895
0 0.18383658969804617 0.3370577281191806 0.03019538188277087 0.037243947858473
0 0.1660746003552398 0.5037243947858473 0.03019538188277087 0.04655493482309125
0 0.6492007104795737 0.5121042830540037 0.047957371225577264 0.037243947858473
0 0.3206039076376554 0.5735567970204841 0.04085257548845471 0.048417132216014895
0 0.20781527531083482 0.5837988826815642 0.04262877442273535 0.03165735567970205
0 0.25932504440497334 0.61731843575419 0.028419182948490232 0.04655493482309125
0 0.1483126110124334 0.6350093109869647 0.04440497335701599 0.040968342644320296
0 0.46536412078152756 0.6880819366852886 0.046181172291296625 0.05772811918063315
0 0.6305506216696269 0.6918063314711359 0.04262877442273535 0.035381750465549346
0 0.5568383658969804 0.7849162011173184 0.047957371225577264 0.03910614525139665
0 0.4635879218472469 0.7867783985102421 0.035523978685612786 0.04655493482309125
0 0.3037300177619893 0.8808193668528864 0.056838365896980464 0.0633147113594041
0 0.22291296625222023 0.9189944134078212 0.02664298401420959 0.05027932960893855
0 0.019538188277087035 0.9804469273743017 0.03907637655417407 0.035381750465549346
