0 0.5346358792184724 0.12197392923649907 0.03907637655417407 0.035381750465549346
0 0.2975133214920071 0.1610800744878957 0.03019538188277087 0.035381750465549346
0 0.41207815275310833 0.19273743016759776 0.035523978685612786 0.04283054003724395
0 0.6456483126110124 0.25512104283054005 0.06216696269982238 0.048417132216014895
0 0.5426287744227354 0.4059590316573557 0.03374777975133215 0.0260707635009311
0 0.2673179396092362 0.42830540037243947 0.047957371225577264 0.037243947858473
0 0.27797513321492007 0.4692737430167598 0.037300177619893425 0.0297951582867784
0 0.3019538188277087 0.5381750465549349 0.021314387211367674 0.0260707635009311
0 0.3632326820603908 0.5614525139664804 0.037300177619893425 0.03165735567970205
0 0.046181172291296625 0.6582867783985102 0.0497335701598579 0.05027932960893855
0 0.34458259325044405 0.664804469273743 0.0497335701598579 0.0335195530726257
0 0.6953818827708703 0.8221601489757915 0.05150976909413854 0.054003724394785846
0 0.6527531083481349 0.8966480446927374 0.037300177619893425 0.04655493482309125
0 0.2539964476021314 0.9432029795158287 0.056838365896980464 0.04655493482309125
0 0.5301953818827708 0.9916201117318436 0.047957371225577264 0.01303538175046555
