0 0.5284191829484902 0.03165735567970205 0.07282415630550622 0.0633147113594041
0 0.6003552397868561 0.11080074487895716 0.06394316163410302 0.04283054003724395
0 0.42362344582593253 0.14618249534450653 0.047957371225577264 0.027932960893854747
0 0.6092362344582594 0.16294227188081936 0.03197158081705151 0.04283054003724395
0 0.3836589698046181 0.22253258845437615 0.04262877442273535 0.03910614525139665
0 0.4866785079928952 0.23649906890130354 0.04262877442273535 0.0446927374301676
0 0.7495559502664298 0.24394785847299813 0.03907637655417407 0.037243947858473
0 0.6660746003552398 0.2532588454376164 0.046181172291296625 0.040968342644320296
0 0.7531083481349912 0.3091247672253259 0.04262877442273535 0.040968342644320296
0 0.47957371225577267 0.34450651769087526 0.046181172291296625 0.0633147113594041
0 0.44404973357015987 0.4543761638733706 0.028419182948490232 0.048417132216014895
0 0.19271758436944939 0.45996275605214154 0.047957371225577264 0.040968342644320296
0 0.006216696269982238 0.48696461824953446 0.012433392539964476 0.04283054003724395
0 0.8126110124333925 0.5037243947858473 0.037300177619893425 0.07635009310986965
0 0.3738898756660746 0.5484171322160148 0.0586145648312611 0.05027932960893855
0 0.477797513321492 0.6080074487895717 0.028419182948490232 0.035381750465549346
0 0.19449378330373002 0.6322160148975792 0.055062166962699825 0.04655493482309125
0 0.5452930728241563 0.6322160148975792 0.04262877442273535 0.04655493482309125
0 0.7895204262877442 0.6629422718808193 0.06571936056838366 0.048417132216014895
0 0.6412078152753108 0.6899441340782123 0.028419182948490232 0.035381750465549346
0 0.39520426287744226 0.749534450651769 0.05150976909413854 0.06517690875232775
0 0.6865008880994672 0.7690875232774674 0.03019538188277087 0.040968342644320296
0 0.48756660746003555 0.8947858472998138 0.07282415630550622 0.08007448789571694
0 0.6820603907637656 0.8985102420856611 0.028419182948490232 0.05027932960893855
0 0.6793960923623446 0.9590316573556797 0.03019538188277087 0.0297951582867784
