0 0.17229129662522202 0.00558659217877095 0.07104795737122557 0.0111731843575419
0 0.5932504440497336 0.03445065176908752 0.03907637655417407 0.020484171322160148
0 0.6802841918294849 0.06238361266294227 0.035523978685612786 0.04283054003724395
0 0.10479573712255773 0.0931098696461825 0.0674955595026643 0.074487895716946
0 0.5408525754884547 0.10521415270018622 0.03374777975133215 0.03165735567970205
0 0.17495559502664298 0.16945996275605213 0.04440497335701599 0.0446927374301676
0 0.13232682060390763 0.40130353817504655 0.04440497335701599 0.03910614525139665
0 0.0941385435168739 0.4171322160148976 0.03197158081705151 0.0297951582867784
0 0.8268206039076377 0.4692737430167598 0.03019538188277087 0.0633147113594041
0 0.20071047957371227 0.4851024208566108 0.046181172291296625 0.05772811918063315
0 0.7770870337477798 0.5186219739292365 0.04085257548845471 0.05027932960893855
0 0.3738898756660746 0.5297951582867784 0.04440497335701599 0.05772811918063315
0 0.5577264653641207 0.6322160148975792 0.03907637655417407 0.04283054003724395
0 0.6536412078152753 0.8184357541899442 0.035523978685612786 0.061452513966480445
