0 0.4351687388987567 0.13687150837988826 0.028419182948490232 0.035381750465549346
0 0.2682060390763766 0.25512104283054005 0.028419182948490232 0.0260707635009311
0 0.7477797513321492 0.2951582867783985 0.07460035523978685 0.03910614525139665
0 0.2921847246891652 0.3128491620111732 0.02664298401420959 0.0260707635009311
0 0.8285968028419183 0.31471135940409684 0.023090586145648313 0.0260707635009311
0 0.6873889875666075 0.38733705772811916 0.017761989342806393 0.0297951582867784
0 0.5692717584369449 0.39106145251396646 0.023090586145648313 0.0186219739292365
0 0.0763765541740675 0.40782122905027934 0.021314387211367674 0.0335195530726257
0 0.48134991119005327 0.4767225325884544 0.010657193605683837 0.0186219739292365
0 0.4946714031971581 0.5148975791433892 0.015985790408525755 0.024208566108007448
0 0.6101243339253997 0.5456238361266295 0.04085257548845471 0.048417132216014895
0 0.0852575488454707 0.5800744878957169 0.021314387211367674 0.03165735567970205
0 0.7078152753108348 0.5940409683426443 0.03374777975133215 0.037243947858473
0 0.5204262877442274 0.6005586592178771 0.046181172291296625 0.04655493482309125
0 0.2291296625222025 0.6061452513966481 0.028419182948490232 0.03910614525139665
0 0.44316163410301956 0.6815642458100558 0.05150976909413854 0.0260707635009311
0 0.7211367673179396 0.7309124767225326 0.03197158081705151 0.03910614525139665
0 0.17673179396092362 0.7364990689013036 0.03374777975133215 0.027932960893854747
0 0.07815275310834814 0.7532588454376163 0.02486678507992895 0.03165735567970205
0 0.15186500888099466 0.7746741154562383 0.04085257548845471 0.0335195530726257
