0 0.30728241563055064 0.051210428305400374 0.028419182948490232 0.03165735567970205
0 0.4626998223801066 0.07728119180633147 0.047957371225577264 0.035381750465549346
0 0.42095914742451157 0.13687150837988826 0.021314387211367674 0.035381750465549346
0 0.2664298401420959 0.1610800744878957 0.0497335701598579 0.04283054003724395
0 0.7175843694493783 0.2774674115456238 0.03907637655417407 0.0335195530726257
0 0.5284191829484902 0.3091247672253259 0.019538188277087035 0.0297951582867784
0 0.80550621669627 0.3249534450651769 0.03019538188277087 0.035381750465549346
0 0.5008880994671403 0.3361266294227188 0.021314387211367674 0.027932960893854747
0 0.03108348134991119 0.3463687150837989 0.04085257548845471 0.0446927374301676
0 0.45293072824156305 0.40502793296089384 0.028419182948490232 0.035381750465549346
0 0.12255772646536411 0.4338919925512104 0.028419182948490232 0.048417132216014895
0 0.5044404973357016 0.44878957169459965 0.02486678507992895 0.0297951582867784
0 0.4715808170515098 0.4748603351955307 0.019538188277087035 0.0260707635009311
0 0.6385435168738899 0.505586592178771 0.04085257548845471 0.054003724394785846
0 0.5932504440497336 0.5167597765363129 0.028419182948490232 0.027932960893854747
0 0.9369449378330373 0.5977653631284916 0.023090586145648313 0.048417132216014895
0 0.6305506216696269 0.6480446927374302 0.03197158081705151 0.048417132216014895
0 0.11012433392539965 0.6499068901303539 0.03907637655417407 0.037243947858473
0 0.40319715808170514 0.7169459962756052 0.02486678507992895 0.040968342644320296
