0 0.35168738898756663 0.09683426443202979 0.035523978685612786 0.0297951582867784
0 0.3907637655417407 0.16759776536312848 0.03197158081705151 0.0260707635009311
0 0.6136767317939609 0.19553072625698323 0.03374777975133215 0.040968342644320296
0 0.7539964476021315 0.3985102420856611 0.03374777975133215 0.0521415270018622
0 0.10479573712255773 0.5297951582867784 0.04262877442273535 0.03910614525139665
0 0.34547069271758435 0.5651769087523277 0.02664298401420959 0.03910614525139665
0 0.9067495559502664 0.6284916201117319 0.03019538188277087 0.05027932960893855
0 0.5435168738898757 0.6294227188081937 0.03197158081705151 0.0335195530726257
0 0.8410301953818827 0.648975791433892 0.06216696269982238 0.08007448789571694
0 0.7868561278863233 0.660148975791434 0.05328596802841918 0.061452513966480445
0 0.009769094138543518 0.664804469273743 0.019538188277087035 0.0446927374301676
0 0.7175843694493783 0.813780260707635 0.046181172291296625 0.07076350093109869
