0 0.40142095914742454 0.10986964618249534 0.03907637655417407 0.0521415270018622
0 0.7202486678507993 0.10986964618249534 0.03019538188277087 0.0446927374301676
0 0.19626998223801065 0.14059590316573556 0.037300177619893425 0.03910614525139665
0 0.6207815275310835 0.21135940409683426 0.04440497335701599 0.054003724394785846
0 0.8090586145648313 0.25139664804469275 0.047957371225577264 0.055865921787709494
0 0.3827708703374778 0.2877094972067039 0.108348134991119 0.06517690875232775
0 0.7033747779751333 0.2905027932960894 0.03197158081705151 0.0446927374301676
0 0.8481349911190054 0.33798882681564246 0.02664298401420959 0.04283054003724395
0 0.7424511545293073 0.351024208566108 0.04262877442273535 0.05027932960893855
0 0.3063943161634103 0.36033519553072624 0.03374777975133215 0.04283054003724395
0 0.21847246891651864 0.39106145251396646 0.10657193605683836 0.0856610800744879
0 0.8880994671403197 0.4134078212290503 0.03907637655417407 0.055865921787709494
0 0.43783303730017764 0.41899441340782123 0.05150976909413854 0.0670391061452514
0 0.3703374777975133 0.4729981378026071 0.04085257548845471 0.0521415270018622
0 0.2673179396092362 0.49068901303538176 0.0763765541740675 0.04283054003724395
0 0.5905861456483126 0.49813780260707635 0.03019538188277087 0.03910614525139665
0 0.3063943161634103 0.5595903165735568 0.047957371225577264 0.054003724394785846
0 0.7797513321492007 0.5968342644320298 0.07815275310834814 0.09869646182495345
0 0.5355239786856127 0.6163873370577281 0.03019538188277087 0.0260707635009311
0 0.3481349911190053 0.6378026070763501 0.03197158081705151 0.03165735567970205
0 0.5852575488454707 0.6685288640595903 0.02664298401420959 0.0633147113594041
0 0.9742451154529307 0.6694599627560521 0.047957371225577264 0.035381750465549346
0 0.4698046181172291 0.6936685288640596 0.019538188277087035 0.035381750465549346
0 0.3765541740674956 0.7700186219739292 0.035523978685612786 0.07635009310986965
0 0.18738898756660746 0.8463687150837989 0.047957371225577264 0.03910614525139665
0 0.11811722912966252 0.9664804469273743 0.0763765541740675 0.0521415270018622
0 0.477797513321492 0.9832402234636871 0.0497335701598579 0.0297951582867784
