0 0.31616341030195383 0.09683426443202979 0.03907637655417407 0.055865921787709494
0 0.7477797513321492 0.09962756052141528 0.09591474245115453 0.08007448789571694
0 0.44493783303730017 0.10148975791433892 0.0763765541740675 0.06517690875232775
0 0.6119005328596803 0.12849162011173185 0.04440497335701599 0.055865921787709494
0 0.09769094138543517 0.19553072625698323 0.046181172291296625 0.040968342644320296
0 0.08969804618117229 0.24767225325884543 0.055062166962699825 0.0633147113594041
0 0.2690941385435169 0.2718808193668529 0.03374777975133215 0.040968342644320296
0 0.18294849023090587 0.3500931098696462 0.046181172291296625 0.0521415270018622
0 0.3605683836589698 0.351024208566108 0.046181172291296625 0.04283054003724395
0 0.48934280639431615 0.36312849162011174 0.07282415630550622 0.0782122905027933
0 0.2761989342806394 0.40130353817504655 0.047957371225577264 0.10614525139664804
0 0.5150976909413855 0.4227188081936685 0.03197158081705151 0.0260707635009311
0 0.6341030195381883 0.4543761638733706 0.028419182948490232 0.0446927374301676
0 0.06571936056838366 0.5251396648044693 0.028419182948490232 0.0297951582867784
0 0.16074600355239788 0.5260707635009311 0.023090586145648313 0.03910614525139665
0 0.2468916518650089 0.6014897579143389 0.05328596802841918 0.048417132216014895
0 0.43783303730017764 0.6815642458100558 0.023090586145648313 0.0223463687150838
0 0.4955595026642984 0.6880819366852886 0.028419182948490232 0.03165735567970205
0 0.11367673179396093 0.7253258845437617 0.10301953818827708 0.12849162011173185
0 0.43072824156305506 0.8044692737430168 0.037300177619893425 0.040968342644320296
0 0.3339253996447602 0.9636871508379888 0.07460035523978685 0.06890130353817504
0 0.4626998223801066 0.9711359404096834 0.04085257548845471 0.054003724394785846
