0 0.3783303730017762 0.019553072625698324 0.0994671403197158 0.03910614525139665
0 0.3063943161634103 0.3054003724394786 0.04440497335701599 0.0446927374301676
0 0.8321492007104796 0.31098696461824954 0.047957371225577264 0.048417132216014895
0 0.5790408525754884 0.3370577281191806 0.06039076376554174 0.1005586592178771
0 0.6376554174067496 0.425512104283054 0.06394316163410302 0.035381750465549346
0 0.6030195381882771 0.4897579143389199 0.05150976909413854 0.0521415270018622
0 0.21225577264653642 0.5074487895716946 0.037300177619893425 0.05772811918063315
0 0.11900532859680284 0.5893854748603352 0.028419182948490232 0.054003724394785846
0 0.4280639431616341 0.7039106145251397 0.03907637655417407 0.0670391061452514
0 0.566607460035524 0.7216014897579144 0.0497335701598579 0.03910614525139665
0 0.5239786856127886 0.7597765363128491 0.05328596802841918 0.048417132216014895
0 0.4129662522202487 0.8780260707635009 0.055062166962699825 0.054003724394785846
