0 0.544404973357016 0.023277467411545624 0.06927175843694494 0.04655493482309125
0 0.5408525754884547 0.18901303538175046 0.04440497335701599 0.054003724394785846
0 0.7886323268206039 0.23556797020484171 0.10301953818827708 0.12104283054003724
0 0.2886323268206039 0.32122905027932963 0.047957371225577264 0.05027932960893855
0 0.3392539964476021 0.44972067039106145 0.04262877442273535 0.035381750465549346
0 0.566607460035524 0.45716945996275604 0.06039076376554174 0.05772811918063315
0 0.5577264653641207 0.7085661080074488 0.0674955595026643 0.07635009310986965
0 0.04262877442273535 0.74487895716946 0.05328596802841918 0.074487895716946
0 0.46092362344582594 0.8631284916201117 0.06216696269982238 0.07262569832402235
0 0.0719360568383659 0.9776536312849162 0.08348134991119005 0.040968342644320296
