0 0.4502664298401421 0.028864059590316574 0.06571936056838366 0.05772811918063315
0 0.5568383658969804 0.054003724394785846 0.05150976909413854 0.08193668528864059
0 0.7699822380106572 0.20670391061452514 0.047957371225577264 0.040968342644320296
0 0.2912966252220249 0.21880819366852886 0.03197158081705151 0.03165735567970205
0 0.7939609236234458 0.27932960893854747 0.04262877442273535 0.0595903165735568
0 0.33570159857904086 0.28677839851024206 0.035523978685612786 0.0260707635009311
0 0.10568383658969804 0.313780260707635 0.04440497335701599 0.054003724394785846
0 0.3845470692717584 0.40130353817504655 0.02664298401420959 0.04283054003724395
0 0.6181172291296625 0.4590316573556797 0.046181172291296625 0.08379888268156424
0 0.5150976909413855 0.5325884543761639 0.03907637655417407 0.040968342644320296
0 0.5746003552397868 0.5735567970204841 0.023090586145648313 0.0297951582867784
0 0.3641207815275311 0.6322160148975792 0.028419182948490232 0.035381750465549346
0 0.25488454706927177 0.7253258845437617 0.05150976909413854 0.04655493482309125
0 0.06216696269982238 0.7951582867783985 0.03907637655417407 0.0633147113594041
0 0.4644760213143872 0.8342644320297952 0.04440497335701599 0.040968342644320296
0 0.10568383658969804 0.8603351955307262 0.037300177619893425 0.0633147113594041
0 0.05595026642984014 0.866852886405959 0.03374777975133215 0.03910614525139665
0 0.3756660746003552 0.8808193668528864 0.04440497335701599 0.0335195530726257
0 0.30017761989342806 0.9459962756052142 0.0497335701598579 0.1042830540037244
0 0.7113676731793961 0.9692737430167597 0.0763765541740675 0.05772811918063315
0 0.4103019538188277 0.9832402234636871 0.07815275310834814 0.0297951582867784
