0 0.26287744227353466 0.0074487895716946 0.046181172291296625 0.0148975791433892
0 0.19271758436944939 0.0260707635009311 0.047957371225577264 0.0521415270018622
0 0.020426287744227355 0.15828677839851024 0.04085257548845471 0.040968342644320296
0 0.13854351687388988 0.19925512104283055 0.07460035523978685 0.074487895716946
0 0.07726465364120781 0.2569832402234637 0.0763765541740675 0.0856610800744879
0 0.28596802841918295 0.25884543761638734 0.03907637655417407 0.0446927374301676
0 0.1811722912966252 0.32774674115456237 0.010657193605683837 0.0111731843575419
0 0.6154529307282416 0.33054003724394787 0.04085257548845471 0.04655493482309125
0 0.13232682060390763 0.3770949720670391 0.019538188277087035 0.027932960893854747
0 0.35257548845470693 0.39757914338919925 0.047957371225577264 0.04283054003724395
0 0.5994671403197158 0.40409683426443205 0.02664298401420959 0.037243947858473
0 0.8712255772646537 0.40409683426443205 0.0586145648312611 0.0633147113594041
0 0.655417406749556 0.41154562383612664 0.07104795737122557 0.08193668528864059
0 0.7460035523978685 0.41154562383612664 0.05328596802841918 0.0633147113594041
0 0.0905861456483126 0.4515828677839851 0.04262877442273535 0.03165735567970205
0 0.6145648312611013 0.45251396648044695 0.03907637655417407 0.0335195530726257
0 0.5550621669626998 0.5130353817504656 0.03019538188277087 0.04283054003724395
0 0.35168738898756663 0.5558659217877095 0.03907637655417407 0.054003724394785846
0 0.8126110124333925 0.5623836126629422 0.055062166962699825 0.074487895716946
0 0.6216696269982238 0.590316573556797 0.05328596802841918 0.08193668528864059
0 0.3960923623445826 0.7960893854748603 0.12788632326820604 0.13966480446927373
0 0.02486678507992895 0.8770949720670391 0.0497335701598579 0.0633147113594041
0 0.7149200710479574 0.8910614525139665 0.047957371225577264 0.09124767225325885
