0 0.8685612788632326 0.030726256983240222 0.0497335701598579 0.054003724394785846
0 0.37300177619893427 0.36964618249534453 0.05328596802841918 0.06890130353817504
0 0.6065719360568383 0.3789571694599628 0.06927175843694494 0.061452513966480445
0 0.4857904085257549 0.3845437616387337 0.03374777975133215 0.04655493482309125
0 0.06039076376554174 0.4059590316573557 0.04262877442273535 0.0670391061452514
0 0.17317939609236235 0.4068901303538175 0.037300177619893425 0.061452513966480445
0 0.24511545293072823 0.4171322160148976 0.03907637655417407 0.0297951582867784
0 0.4467140319715808 0.4655493482309125 0.03374777975133215 0.055865921787709494
0 0.91651865008881 0.4925512104283054 0.07460035523978685 0.06517690875232775
0 0.544404973357016 0.505586592178771 0.015985790408525755 0.035381750465549346
0 0.7486678507992895 0.5121042830540037 0.02664298401420959 0.0446927374301676
0 0.216696269982238 0.5204841713221602 0.021314387211367674 0.03910614525139665
0 0.5959147424511545 0.5391061452513967 0.02664298401420959 0.03910614525139665
0 0.34369449378330375 0.5968342644320298 0.06571936056838366 0.05027932960893855
0 0.7912966252220248 0.5968342644320298 0.037300177619893425 0.05772811918063315
0 0.21580817051509768 0.813780260707635 0.05150976909413854 0.055865921787709494
0 0.6598579040852576 0.8845437616387337 0.023090586145648313 0.0297951582867784
0 0.02575488454706927 0.8994413407821229 0.05150976909413854 0.0856610800744879
0 0.5248667850799289 0.9711359404096834 0.037300177619893425 0.04655493482309125
