0 0.23268206039076378 0.006517690875232775 0.06039076376554174 0.01303538175046555
0 0.2984014209591474 0.07262569832402235 0.0497335701598579 0.0446927374301676
0 0.17406749555950266 0.0782122905027933 0.08170515097690942 0.0931098696461825
0 0.5133214920071048 0.09776536312849161 0.028419182948490232 0.024208566108007448
0 0.7566607460035524 0.09869646182495345 0.0497335701598579 0.040968342644320296
0 0.48312611012433393 0.14711359404096835 0.05328596802841918 0.055865921787709494
0 0.2353463587921847 0.20949720670391062 0.037300177619893425 0.03910614525139665
0 0.32948490230905864 0.2811918063314711 0.055062166962699825 0.0446927374301676
0 0.35879218472468916 0.33519553072625696 0.05328596802841918 0.048417132216014895
0 0.9342806394316163 0.3947858472998138 0.0674955595026643 0.055865921787709494
0 0.6376554174067496 0.5167597765363129 0.0497335701598579 0.07635009310986965
0 0.5124333925399644 0.5893854748603352 0.11190053285968028 0.15828677839851024
0 0.12078152753108348 0.5931098696461825 0.035523978685612786 0.03910614525139665
0 0.4920071047957371 0.7337057728119181 0.046181172291296625 0.055865921787709494
0 0.34369449378330375 0.7541899441340782 0.02664298401420959 0.0335195530726257
0 0.012433392539964476 0.8715083798882681 0.02486678507992895 0.0670391061452514
0 0.37300177619893427 0.8780260707635009 0.056838365896980464 0.06517690875232775
0 0.6705150976909414 0.952513966480447 0.047957371225577264 0.07262569832402235
