0 0.1660746003552398 0.027932960893854747 0.05150976909413854 0.055865921787709494
0 0.3845470692717584 0.05027932960893855 0.07992895204262877 0.1005586592178771
0 0.2433392539964476 0.21415270018621974 0.06039076376554174 0.055865921787709494
0 0.6856127886323268 0.21601489757914338 0.06039076376554174 0.1005586592178771
0 0.1989342806394316 0.2886405959031657 0.06394316163410302 0.0595903165735568
0 0.3401420959147424 0.505586592178771 0.04440497335701599 0.054003724394785846
0 0.5452930728241563 0.5307262569832403 0.046181172291296625 0.055865921787709494
0 0.4955595026642984 0.5884543761638734 0.0497335701598579 0.0595903165735568
0 0.38188277087033745 0.6778398510242085 0.03907637655417407 0.037243947858473
0 0.6021314387211367 0.6880819366852886 0.06039076376554174 0.08379888268156424
0 0.5701598579040853 0.7616387337057728 0.056838365896980464 0.0633147113594041
0 0.7300177619893428 0.9767225325884544 0.03197158081705151 0.03910614525139665
0 0.6216696269982238 0.9832402234636871 0.07104795737122557 0.0297951582867784
