0 0.2468916518650089 0.00558659217877095 0.035523978685612786 0.0111731843575419
0 0.17673179396092362 0.020484171322160148 0.037300177619893425 0.040968342644320296
0 0.5674955595026643 0.024208566108007448 0.037300177619893425 0.048417132216014895
0 0.6207815275310835 0.06517690875232775 0.02664298401420959 0.055865921787709494
0 0.4493783303730018 0.29236499068901306 0.056838365896980464 0.0633147113594041
0 0.30017761989342806 0.29329608938547486 0.0674955595026643 0.05772811918063315
0 0.6980461811722913 0.3054003724394786 0.046181172291296625 0.0633147113594041
0 0.4946714031971581 0.31750465549348234 0.03374777975133215 0.04283054003724395
0 0.35968028419182946 0.3891992551210428 0.047957371225577264 0.0446927374301676
0 0.06216696269982238 0.4171322160148976 0.06394316163410302 0.0893854748603352
0 0.45293072824156305 0.4618249534450652 0.03907637655417407 0.048417132216014895
0 0.6634103019538188 0.4860335195530726 0.05150976909413854 0.0633147113594041
0 0.108348134991119 0.542830540037244 0.056838365896980464 0.04283054003724395
0 0.03197158081705151 0.5567970204841713 0.06394316163410302 0.0931098696461825
0 0.38543516873889877 0.633147113594041 0.06039076376554174 0.0856610800744879
0 0.6536412078152753 0.6610800744878957 0.0674955595026643 0.0856610800744879
0 0.3747779751332149 0.6852886405959032 0.0497335701598579 0.0297951582867784
0 0.21403197158081705 0.707635009310987 0.0941385435168739 0.09683426443202979
0 0.849911190053286 0.7541899441340782 0.03374777975133215 0.0595903165735568
0 0.09502664298401421 0.7895716945996276 0.04440497335701599 0.0521415270018622
0 0.2744227353463588 0.835195530726257 0.04440497335701599 0.04283054003724395
0 0.4182948490230906 0.8705772811918063 0.0586145648312611 0.07635009310986965
