0 0.39431616341030196 0.04748603351955307 0.046181172291296625 0.05027932960893855
0 0.7335701598579041 0.074487895716946 0.056838365896980464 0.0595903165735568
0 0.26287744227353466 0.17597765363128492 0.056838365896980464 0.054003724394785846
0 0.5506216696269982 0.35288640595903165 0.07104795737122557 0.08379888268156424
0 0.9849023090586145 0.5 0.02664298401420959 0.054003724394785846
0 0.23712255772646537 0.527001862197393 0.06571936056838366 0.0893854748603352
0 0.09502664298401421 0.5307262569832403 0.08703374777975133 0.0782122905027933
0 0.6047957371225577 0.6080074487895717 0.03019538188277087 0.04655493482309125
0 0.5373001776198935 0.6266294227188082 0.04440497335701599 0.061452513966480445
0 0.7335701598579041 0.6936685288640596 0.03907637655417407 0.09497206703910614
0 0.15008880994671403 0.7793296089385475 0.037300177619893425 0.05027932960893855
0 0.41651865008880995 0.8584729981378026 0.05150976909413854 0.0521415270018622
0 0.3037300177619893 0.8743016759776536 0.06039076376554174 0.05772811918063315
0 0.7593250444049734 0.888268156424581 0.07992895204262877 0.055865921787709494
0 0.4715808170515098 0.909683426443203 0.08348134991119005 0.08007448789571694
0 0.8303730017761989 0.9711359404096834 0.047957371225577264 0.054003724394785846
0 0.27264653641207814 0.978584729981378 0.047957371225577264 0.03910614525139665
