0 0.5781527531083481 0.14618249534450653 0.055062166962699825 0.061452513966480445
0 0.8285968028419183 0.2681564245810056 0.06216696269982238 0.0521415270018622
0 0.6687388987566607 0.34450651769087526 0.03374777975133215 0.055865921787709494
0 0.5408525754884547 0.39385474860335196 0.04440497335701599 0.04655493482309125
0 0.8872113676731794 0.46461824953445063 0.055062166962699825 0.07635009310986965
0 0.5683836589698046 0.49441340782122906 0.03907637655417407 0.05772811918063315
0 0.0941385435168739 0.49906890130353815 0.03907637655417407 0.0521415270018622
0 0.3481349911190053 0.5242085661080075 0.03197158081705151 0.04655493482309125
0 0.23978685612788633 0.5642458100558659 0.035523978685612786 0.0595903165735568
0 0.04706927175843695 0.5698324022346368 0.04085257548845471 0.0446927374301676
0 0.03285968028419183 0.6834264432029795 0.047957371225577264 0.0670391061452514
0 0.7371225577264654 0.6890130353817505 0.046181172291296625 0.0595903165735568
0 0.391651865008881 0.8063314711359404 0.04085257548845471 0.0521415270018622
0 0.4911190053285968 0.8817504655493482 0.05150976909413854 0.035381750465549346
0 0.33037300177619894 0.9292364990689013 0.06039076376554174 0.0446927374301676
0 0.1172291296625222 0.9385474860335196 0.03907637655417407 0.055865921787709494
0 0.7042628774422736 0.994413407821229 0.03374777975133215 0.0074487895716946
