0 0.41651865008880995 0.017690875232774673 0.05150976909413854 0.035381750465549346
0 0.5746003552397868 0.036312849162011177 0.047957371225577264 0.04655493482309125
0 0.4866785079928952 0.12476722532588454 0.0674955595026643 0.074487895716946
0 0.17584369449378331 0.17318435754189945 0.03197158081705151 0.0335195530726257
0 0.35079928952042627 0.18994413407821228 0.055062166962699825 0.1042830540037244
0 0.5177619893428064 0.20670391061452514 0.06216696269982238 0.0446927374301676
0 0.8312611012433393 0.2718808193668529 0.046181172291296625 0.08193668528864059
0 0.7007104795737122 0.4227188081936685 0.0905861456483126 0.1005586592178771
0 0.8170515097690941 0.4506517690875233 0.06394316163410302 0.08193668528864059
0 0.4911190053285968 0.4823091247672253 0.04085257548845471 0.0633147113594041
0 0.3463587921847247 0.5232774674115456 0.046181172291296625 0.040968342644320296
0 0.5612788632326821 0.5540037243947858 0.0497335701598579 0.07635009310986965
0 0.7513321492007105 0.5726256983240223 0.03907637655417407 0.06517690875232775
0 0.02930728241563055 0.5968342644320298 0.0586145648312611 0.09869646182495345
0 0.44582593250444047 0.6024208566108007 0.03907637655417407 0.054003724394785846
0 0.14120781527531084 0.6350093109869647 0.02664298401420959 0.040968342644320296
0 0.7335701598579041 0.702048417132216 0.056838365896980464 0.1042830540037244
0 0.1891651865008881 0.7113594040968343 0.04085257548845471 0.048417132216014895
0 0.8845470692717584 0.7346368715083799 0.056838365896980464 0.07635009310986965
0 0.6101243339253997 0.7662942271880819 0.05150976909413854 0.054003724394785846
0 0.12966252220248667 0.7867783985102421 0.0497335701598579 0.08752327746741155
0 0.20870337477797513 0.9003724394785847 0.108348134991119 0.10614525139664804
0 0.7921847246891652 0.9227188081936686 0.0497335701598579 0.08007448789571694
