0 0.6296625222024866 0.054003724394785846 0.06927175843694494 0.055865921787709494
0 0.477797513321492 0.1527001862197393 0.0674955595026643 0.055865921787709494
0 0.3037300177619893 0.319366852886406 0.09591474245115453 0.04655493482309125
0 0.5861456483126111 0.3333333333333333 0.05328596802841918 0.055865921787709494
0 0.3543516873889876 0.4273743016759777 0.05150976909413854 0.054003724394785846
0 0.15896980461811722 0.441340782122905 0.108348134991119 0.12290502793296089
0 0.6918294849023091 0.4450651769087523 0.08703374777975133 0.1191806331471136
0 0.5159857904085258 0.49068901303538176 0.04085257548845471 0.061452513966480445
0 0.7895204262877442 0.5614525139664804 0.05150976909413854 0.08007448789571694
0 0.05328596802841918 0.611731843575419 0.035523978685612786 0.04283054003724395
0 0.9174067495559503 0.6834264432029795 0.0586145648312611 0.0446927374301676
0 0.6154529307282416 0.7216014897579144 0.04085257548845471 0.05027932960893855
0 0.5319715808170515 0.7951582867783985 0.06927175843694494 0.074487895716946
0 0.29484902309058614 0.8277467411545624 0.16341030195381884 0.09124767225325885
0 0.7424511545293073 0.9916201117318436 0.0497335701598579 0.01303538175046555
