0 0.13232682060390763 0.0595903165735568 0.06927175843694494 0.1191806331471136
0 0.5879218472468917 0.16573556797020483 0.09236234458259325 0.08193668528864059
0 0.46092362344582594 0.17411545623836128 0.04440497335701599 0.054003724394785846
0 0.2246891651865009 0.23743016759776536 0.03374777975133215 0.05772811918063315
0 0.3188277087033748 0.3891992551210428 0.02664298401420959 0.0446927374301676
0 0.4849023090586146 0.4702048417132216 0.028419182948490232 0.04655493482309125
0 0.3925399644760213 0.4776536312849162 0.0497335701598579 0.061452513966480445
0 0.6074600355239786 0.5009310986964618 0.08170515097690942 0.07076350093109869
0 0.8650088809946714 0.6014897579143389 0.06394316163410302 0.0595903165735568
0 0.2699822380106572 0.6890130353817505 0.04262877442273535 0.055865921787709494
0 0.4129662522202487 0.7262569832402235 0.037300177619893425 0.0297951582867784
0 0.6873889875666075 0.8007448789571695 0.07815275310834814 0.11173184357541899
0 0.42539964476021314 0.8054003724394786 0.037300177619893425 0.04655493482309125
0 0.2344582593250444 0.8631284916201117 0.06039076376554174 0.07262569832402235
0 0.3738898756660746 0.8733705772811918 0.03019538188277087 0.0633147113594041
0 0.38099467140319715 0.925512104283054 0.03374777975133215 0.0297951582867784
0 0.7566607460035524 0.9273743016759777 0.0497335701598579 0.0595903165735568
