0 0.1492007104795737 0.040968342644320296 0.09591474245115453 0.08193668528864059
0 0.6349911190053286 0.043761638733705775 0.055062166962699825 0.054003724394785846
0 0.6731793960923623 0.08752327746741155 0.046181172291296625 0.0446927374301676
0 0.18383658969804617 0.12104283054003724 0.04085257548845471 0.055865921787709494
0 0.41207815275310833 0.17225325884543763 0.06394316163410302 0.08752327746741155
0 0.7513321492007105 0.2132216014897579 0.0497335701598579 0.05772811918063315
0 0.29928952042628776 0.2309124767225326 0.047957371225577264 0.0521415270018622
0 0.5621669626998224 0.2672253258845438 0.0763765541740675 0.08007448789571694
0 0.8037300177619894 0.2709497206703911 0.0586145648312611 0.08007448789571694
0 0.015985790408525755 0.3649906890130354 0.03197158081705151 0.0521415270018622
0 0.8587921847246892 0.515828677839851 0.06571936056838366 0.0931098696461825
0 0.32149200710479575 0.840782122905028 0.11012433392539965 0.11731843575418995
