0 0.28152753108348133 0.015828677839851025 0.04085257548845471 0.03165735567970205
0 0.4591474245115453 0.023277467411545624 0.0941385435168739 0.04655493482309125
0 0.522202486678508 0.0521415270018622 0.04262877442273535 0.0521415270018622
0 0.3987566607460036 0.1005586592178771 0.055062166962699825 0.0521415270018622
0 0.33570159857904086 0.21601489757914338 0.035523978685612786 0.0335195530726257
0 0.7451154529307282 0.22160148975791433 0.10479573712255773 0.074487895716946
0 0.39342806394316165 0.22439478584729983 0.04440497335701599 0.04283054003724395
0 0.6545293072824157 0.3128491620111732 0.06571936056838366 0.0521415270018622
0 0.37122557726465366 0.3463687150837989 0.035523978685612786 0.0446927374301676
0 0.11545293072824156 0.36685288640595903 0.03907637655417407 0.048417132216014895
0 0.016873889875666074 0.388268156424581 0.03374777975133215 0.054003724394785846
0 0.055062166962699825 0.4404096834264432 0.03907637655417407 0.04283054003724395
0 0.1269982238010657 0.44692737430167595 0.0586145648312611 0.074487895716946
0 0.4857904085257549 0.45716945996275604 0.0763765541740675 0.14338919925512103
0 0.08614564831261101 0.5111731843575419 0.03374777975133215 0.054003724394785846
0 0.8525754884547069 0.5456238361266295 0.05328596802841918 0.10800744878957169
0 0.2557726465364121 0.5502793296089385 0.04262877442273535 0.07635009310986965
0 0.22380106571936056 0.62756052141527 0.03907637655417407 0.0446927374301676
0 0.1980461811722913 0.7048417132216015 0.06927175843694494 0.054003724394785846
0 0.21047957371225579 0.7411545623836127 0.0586145648312611 0.0335195530726257
0 0.3241563055062167 0.8854748603351955 0.09769094138543517 0.09497206703910614
0 0.037300177619893425 0.9227188081936686 0.0497335701598579 0.05772811918063315
