0 0.7531083481349912 0.09590316573556797 0.05328596802841918 0.04283054003724395
0 0.38010657193605685 0.1452513966480447 0.04262877442273535 0.07076350093109869
0 0.391651865008881 0.2877094972067039 0.03019538188277087 0.035381750465549346
0 0.30550621669627 0.3985102420856611 0.021314387211367674 0.040968342644320296
0 0.6367673179396093 0.4171322160148976 0.0763765541740675 0.10800744878957169
0 0.15985790408525755 0.43202979515828677 0.035523978685612786 0.037243947858473
0 0.9786856127886323 0.43575418994413406 0.028419182948490232 0.037243947858473
0 0.9076376554174067 0.46368715083798884 0.05328596802841918 0.1527001862197393
0 0.3641207815275311 0.49068901303538176 0.06394316163410302 0.06890130353817504
0 0.4689165186500888 0.5 0.028419182948490232 0.04655493482309125
0 0.9609236234458259 0.5288640595903166 0.07104795737122557 0.0856610800744879
0 0.1847246891651865 0.5400372439478585 0.03907637655417407 0.037243947858473
0 0.48401420959147423 0.7569832402234636 0.02664298401420959 0.061452513966480445
0 0.5808170515097691 0.8016759776536313 0.056838365896980464 0.054003724394785846
0 0.20781527531083482 0.8798882681564246 0.03197158081705151 0.05027932960893855
0 0.2761989342806394 0.8817504655493482 0.03374777975133215 0.04283054003724395
0 0.6074600355239786 0.962756052141527 0.05328596802841918 0.07076350093109869
0 0.7584369449378331 0.9590316573556797 0.0994671403197158 0.0782122905027933
