0 0.41207815275310833 0.015828677839851025 0.0497335701598579 0.03165735567970205
0 0.6571936056838366 0.06890130353817504 0.03907637655417407 0.0633147113594041
0 0.23090586145648312 0.12383612662942271 0.03197158081705151 0.08752327746741155
0 0.458259325044405 0.18435754189944134 0.05328596802841918 0.08193668528864059
0 0.80550621669627 0.1908752327746741 0.10124333925399645 0.10614525139664804
0 0.19271758436944939 0.22439478584729983 0.11900532859680284 0.061452513966480445
0 0.21225577264653642 0.3687150837988827 0.04440497335701599 0.0633147113594041
0 0.347246891651865 0.4236499068901304 0.047957371225577264 0.10986964618249534
0 0.10746003552397869 0.5 0.04440497335701599 0.09124767225325885
0 0.17406749555950266 0.5875232774674115 0.02486678507992895 0.03910614525139665
0 0.04706927175843695 0.7392923649906891 0.07992895204262877 0.0595903165735568
0 0.09769094138543517 0.8296089385474861 0.046181172291296625 0.05027932960893855
0 0.9031971580817052 0.8705772811918063 0.02664298401420959 0.06517690875232775
