0 0.6003552397868561 0.05027932960893855 0.046181172291296625 0.09683426443202979
0 0.44760213143872113 0.313780260707635 0.02486678507992895 0.024208566108007448
0 0.9351687388987566 0.3324022346368715 0.047957371225577264 0.03910614525139665
0 0.6225577264653641 0.3780260707635009 0.037300177619893425 0.048417132216014895
0 0.016873889875666074 0.37988826815642457 0.03374777975133215 0.0595903165735568
0 0.13854351687388988 0.3808193668528864 0.03197158081705151 0.035381750465549346
0 0.9342806394316163 0.4068901303538175 0.0852575488454707 0.06890130353817504
0 0.6856127886323268 0.42178770949720673 0.0497335701598579 0.05772811918063315
0 0.9751332149200711 0.5027932960893855 0.04262877442273535 0.0521415270018622
0 0.2877442273534636 0.5679702048417132 0.0497335701598579 0.0446927374301676
0 0.9751332149200711 0.6378026070763501 0.046181172291296625 0.05027932960893855
0 0.31616341030195383 0.8044692737430168 0.046181172291296625 0.040968342644320296
0 0.15186500888099466 0.835195530726257 0.037300177619893425 0.04655493482309125
0 0.4547069271758437 0.8603351955307262 0.0852575488454707 0.048417132216014895
0 0.14209591474245115 0.9292364990689013 0.05328596802841918 0.074487895716946
0 0.016873889875666074 0.9813780260707635 0.03374777975133215 0.0335195530726257
