0 0.10301953818827708 0.06238361266294227 0.07104795737122557 0.07635009310986965
0 0.522202486678508 0.0074487895716946 0.06394316163410302 0.0148975791433892
0 0.37300177619893427 0.22160148975791433 0.13854351687388988 0.1005586592178771
0 0.2522202486678508 0.30726256983240224 0.0994671403197158 0.0595903165735568
0 0.09591474245115453 0.2569832402234637 0.03907637655417407 0.055865921787709494
0 0.15186500888099466 0.41154562383612664 0.08348134991119005 0.0670391061452514
0 0.16518650088809947 0.5018621973929237 0.035523978685612786 0.035381750465549346
0 0.1802841918294849 0.527001862197393 0.02664298401420959 0.0335195530726257
0 0.2682060390763766 0.7039106145251397 0.021314387211367674 0.0335195530726257
0 0.29573712255772644 0.8696461824953445 0.05150976909413854 0.0633147113594041
0 0.39342806394316165 0.7635009310986964 0.03019538188277087 0.0297951582867784
0 0.40941385435168737 0.8305400372439479 0.03019538188277087 0.048417132216014895
0 0.8330373001776199 0.8500931098696461 0.07104795737122557 0.08007448789571694
0 0.06571936056838366 0.7690875232774674 0.028419182948490232 0.055865921787709494
0 0.10568383658969804 0.8342644320297952 0.06571936056838366 0.0856610800744879
0 0.0452930728241563 0.6657355679702048 0.023090586145648313 0.024208566108007448
