0 0.3756660746003552 0.8361266294227188 0.05150976909413854 0.0446927374301676
0 0.11811722912966252 0.03165735567970205 0.0763765541740675 0.0633147113594041
0 0.17939609236234458 0.05772811918063315 0.028419182948490232 0.0260707635009311
0 0.6412078152753108 0.6554934823091247 0.03197158081705151 0.040968342644320296
0 0.17317939609236235 0.478584729981378 0.012433392539964476 0.0223463687150838
0 0.12078152753108348 0.5391061452513967 0.03197158081705151 0.027932960893854747
0 0.24067495559502664 0.707635009310987 0.03019538188277087 0.037243947858473
0 0.5275310834813499 0.5921787709497207 0.021314387211367674 0.0260707635009311
0 0.47957371225577267 0.8491620111731844 0.02486678507992895 0.0633147113594041
0 0.6563055062166963 0.11824953445065177 0.03019538188277087 0.05027932960893855
0 0.11634103019538189 0.14990689013035383 0.03374777975133215 0.03165735567970205
0 0.827708703374778 0.8621973929236499 0.035523978685612786 0.0297951582867784
0 0.06039076376554174 0.7271880819366853 0.021314387211367674 0.03910614525139665
0 0.0674955595026643 0.9795158286778398 0.06039076376554174 0.037243947858473
0 0.36678507992895204 0.6359404096834265 0.023090586145648313 0.03165735567970205
0 0.30905861456483125 0.4273743016759777 0.014209591474245116 0.020484171322160148
0 0.3907637655417407 0.47113594040968343 0.007104795737122558 0.0111731843575419
0 0.4413854351687389 0.38268156424581007 0.019538188277087035 0.020484171322160148
0 0.4626998223801066 0.43854748603351956 0.015985790408525755 0.020484171322160148
0 0.5213143872113677 0.39757914338919925 0.008880994671403197 0.024208566108007448
0 0.5435168738898757 0.34916201117318435 0.014209591474245116 0.024208566108007448
0 0.5701598579040853 0.4376163873370577 0.014209591474245116 0.0223463687150838
0 0.4911190053285968 0.47113594040968343 0.019538188277087035 0.0111731843575419
0 0.5621669626998224 0.4823091247672253 0.019538188277087035 0.0148975791433892
0 0.5284191829484902 0.5111731843575419 0.023090586145648313 0.01303538175046555
0 0.38099467140319715 0.5456238361266295 0.019538188277087035 0.0186219739292365
0 0.49733570159857904 0.5800744878957169 0.02486678507992895 0.027932960893854747
0 0.4573712255772647 0.6005586592178771 0.012433392539964476 0.01303538175046555
0 0.4733570159857904 0.6247672253258846 0.015985790408525755 0.01303538175046555
0 0.46625222024866786 0.6536312849162011 0.012433392539964476 0.0148975791433892
0 0.46003552397868563 0.6759776536312849 0.021314387211367674 0.0186219739292365
0 0.5142095914742452 0.6610800744878957 0.023090586145648313 0.0260707635009311
0 0.2975133214920071 0.8212290502793296 0.023090586145648313 0.0260707635009311
0 0.35879218472468916 0.7430167597765364 0.017761989342806393 0.0111731843575419
0 0.2424511545293073 0.8035381750465549 0.015985790408525755 0.024208566108007448
