0 0.25932504440497334 0.04562383612662942 0.03907637655417407 0.05027932960893855
0 0.2619893428063943 0.1042830540037244 0.023090586145648313 0.0297951582867784
0 0.5239786856127886 0.12290502793296089 0.05328596802841918 0.037243947858473
0 0.1261101243339254 0.12849162011173185 0.06394316163410302 0.040968342644320296
0 0.4769094138543517 0.3221601489757914 0.03019538188277087 0.0260707635009311
0 0.9476021314387212 0.3426443202979516 0.019538188277087035 0.040968342644320296
0 0.7264653641207816 0.3845437616387337 0.035523978685612786 0.035381750465549346
0 0.39520426287744226 0.3919925512104283 0.023090586145648313 0.01675977653631285
0 0.23357015985790408 0.40409683426443205 0.023090586145648313 0.0223463687150838
0 0.4644760213143872 0.4059590316573557 0.023090586145648313 0.0297951582867784
0 0.7584369449378331 0.4720670391061452 0.03197158081705151 0.03165735567970205
0 0.5115452930728241 0.4813780260707635 0.03907637655417407 0.035381750465549346
0 0.48312611012433393 0.5502793296089385 0.028419182948490232 0.035381750465549346
0 0.21758436944937834 0.5875232774674115 0.019538188277087035 0.027932960893854747
0 0.7770870337477798 0.6256983240223464 0.03374777975133215 0.037243947858473
0 0.5470692717584369 0.6284916201117319 0.028419182948490232 0.027932960893854747
0 0.44582593250444047 0.6359404096834265 0.03197158081705151 0.020484171322160148
0 0.050621669626998225 0.7216014897579144 0.03374777975133215 0.027932960893854747
0 0.8969804618117229 0.8063314711359404 0.035523978685612786 0.0633147113594041
0 0.7344582593250444 0.8780260707635009 0.023090586145648313 0.024208566108007448
0 0.4049733570159858 0.9245810055865922 0.02486678507992895 0.024208566108007448
0 0.7264653641207816 0.9301675977653632 0.014209591474245116 0.035381750465549346
0 0.16429840142095914 0.9366852886405959 0.037300177619893425 0.0335195530726257
0 0.27797513321492007 0.978584729981378 0.03374777975133215 0.03910614525139665
0 0.8214920071047958 0.9804469273743017 0.02664298401420959 0.035381750465549346
0 0.58348134991119 0.9888268156424581 0.03019538188277087 0.0186219739292365
0 0.6261101243339254 0.9916201117318436 0.03374777975133215 0.01303538175046555
