0 0.5293072824156305 0.05027932960893855 0.0497335701598579 0.048417132216014895
0 0.13232682060390763 0.12476722532588454 0.03019538188277087 0.0297951582867784
0 0.32238010657193605 0.7225325884543762 0.05150976909413854 0.0595903165735568
0 0.30905861456483125 0.41527001862197394 0.035523978685612786 0.0595903165735568
0 0.08703374777975133 0.5679702048417132 0.035523978685612786 0.055865921787709494
0 0.43960923623445824 0.8873370577281192 0.03374777975133215 0.035381750465549346
0 0.411190053285968 0.9543761638733705 0.023090586145648313 0.024208566108007448
0 0.32238010657193605 0.9292364990689013 0.023090586145648313 0.0260707635009311
0 0.6447602131438721 0.9115456238361266 0.03907637655417407 0.03165735567970205
0 0.5506216696269982 0.8985102420856611 0.035523978685612786 0.027932960893854747
