0 0.05950266429840142 0.0595903165735568 0.04440497335701599 0.048417132216014895
0 0.1341030195381883 0.0074487895716946 0.037300177619893425 0.0148975791433892
0 0.6909413854351687 0.1042830540037244 0.03907637655417407 0.0633147113594041
0 0.7548845470692718 0.19180633147113593 0.07104795737122557 0.0446927374301676
0 0.42628774422735344 0.3715083798882682 0.03197158081705151 0.024208566108007448
0 0.5364120781527532 0.3659217877094972 0.021314387211367674 0.035381750465549346
0 0.5213143872113677 0.5260707635009311 0.04440497335701599 0.035381750465549346
0 0.37211367673179396 0.4515828677839851 0.019538188277087035 0.027932960893854747
0 0.35968028419182946 0.5176908752327747 0.023090586145648313 0.0335195530726257
0 0.8365896980461812 0.8342644320297952 0.0497335701598579 0.0670391061452514
0 0.5683836589698046 0.9543761638733705 0.08170515097690942 0.06517690875232775
0 0.0630550621669627 0.9189944134078212 0.04085257548845471 0.06517690875232775
0 0.10479573712255773 0.9646182495344506 0.035523978685612786 0.0297951582867784
0 0.05772646536412078 0.984171322160149 0.037300177619893425 0.027932960893854747
0 0.7104795737122558 0.8957169459962756 0.03197158081705151 0.0446927374301676
0 0.9476021314387212 0.707635009310987 0.03019538188277087 0.0446927374301676
0 0.413854351687389 0.7001862197392924 0.021314387211367674 0.0297951582867784
0 0.5941385435168739 0.6303538175046555 0.023090586145648313 0.06890130353817504
0 0.43872113676731794 0.5623836126629422 0.021314387211367674 0.0297951582867784
0 0.4644760213143872 0.5521415270018621 0.023090586145648313 0.035381750465549346
0 0.5053285968028419 0.5707635009310987 0.015985790408525755 0.035381750465549346
0 0.5088809946714032 0.7029795158286778 0.019538188277087035 0.035381750465549346
0 0.80550621669627 0.3435754189944134 0.02664298401420959 0.020484171322160148
0 0.35168738898756663 0.2122905027932961 0.04262877442273535 0.0223463687150838
