0 0.44849023090586143 0.3370577281191806 0.04440497335701599 0.08193668528864059
0 0.5435168738898757 0.3165735567970205 0.03907637655417407 0.040968342644320296
0 0.6793960923623446 0.38268156424581007 0.05150976909413854 0.03165735567970205
0 0.5746003552397868 0.7672253258845437 0.07282415630550622 0.0670391061452514
0 0.5461811722912966 0.6536312849162011 0.037300177619893425 0.0633147113594041
0 0.6349911190053286 0.8026070763500931 0.02664298401420959 0.0782122905027933
0 0.32238010657193605 0.8333333333333334 0.04440497335701599 0.027932960893854747
0 0.1172291296625222 0.3249534450651769 0.021314387211367674 0.054003724394785846
0 0.19005328596802842 0.3240223463687151 0.02486678507992895 0.0260707635009311
0 0.1172291296625222 0.4748603351955307 0.028419182948490232 0.0260707635009311
0 0.009769094138543518 0.6396648044692738 0.019538188277087035 0.04283054003724395
0 0.6216696269982238 0.04562383612662942 0.05328596802841918 0.06517690875232775
0 0.7300177619893428 0.12849162011173185 0.03197158081705151 0.040968342644320296
0 0.8561278863232682 0.3063314711359404 0.028419182948490232 0.05772811918063315
0 0.24422735346358793 0.01675977653631285 0.02664298401420959 0.0335195530726257
0 0.2744227353463588 0.1685288640595903 0.015985790408525755 0.03165735567970205
0 0.30106571936056836 0.1713221601489758 0.03019538188277087 0.0297951582867784
