0 0.29307282415630553 0.0111731843575419 0.12433392539964476 0.0223463687150838
0 0.07015985790408526 0.040968342644320296 0.04085257548845471 0.08193668528864059
0 0.42362344582593253 0.3202979515828678 0.0586145648312611 0.0633147113594041
0 0.4591474245115453 0.44227188081936686 0.037300177619893425 0.05027932960893855
0 0.4218472468916519 0.6229050279329609 0.0941385435168739 0.054003724394785846
0 0.3046181172291297 0.8631284916201117 0.037300177619893425 0.04655493482309125
0 0.04262877442273535 0.6769087523277467 0.03907637655417407 0.05027932960893855
0 0.6642984014209592 0.9748603351955307 0.06394316163410302 0.04655493482309125
0 0.8730017761989343 0.7886405959031657 0.03374777975133215 0.024208566108007448
0 0.8206039076376554 0.16945996275605213 0.046181172291296625 0.0446927374301676
0 0.6740674955595026 0.27001862197392923 0.0586145648312611 0.0446927374301676
0 0.7397868561278863 0.05307262569832402 0.03019538188277087 0.035381750465549346
0 0.2602131438721137 0.43575418994413406 0.023090586145648313 0.0297951582867784
0 0.22380106571936056 0.3258845437616387 0.014209591474245116 0.0260707635009311
0 0.25133214920071045 0.329608938547486 0.03374777975133215 0.0223463687150838
0 0.22646536412078153 0.36312849162011174 0.019538188277087035 0.0260707635009311
0 0.4857904085257549 0.723463687150838 0.03019538188277087 0.03910614525139665
0 0.7575488454706927 0.6061452513966481 0.015985790408525755 0.024208566108007448
0 0.7904085257548845 0.5018621973929237 0.021314387211367674 0.03910614525139665
0 0.6802841918294849 0.8621973929236499 0.028419182948490232 0.037243947858473
