0 0.6190053285968028 0.035381750465549346 0.04085257548845471 0.07076350093109869
0 0.5772646536412078 0.17783985102420857 0.06394316163410302 0.06517690875232775
0 0.19626998223801065 0.25605214152700184 0.06216696269982238 0.06517690875232775
0 0.29307282415630553 0.3891992551210428 0.03197158081705151 0.0521415270018622
0 0.7193605683836589 0.40782122905027934 0.05328596802841918 0.0521415270018622
0 0.6518650088809946 0.42830540037243947 0.0497335701598579 0.055865921787709494
0 0.9245115452930728 0.5679702048417132 0.047957371225577264 0.055865921787709494
0 0.8783303730017762 0.6452513966480447 0.10479573712255773 0.061452513966480445
0 0.8632326820603907 0.7299813780260708 0.05328596802841918 0.08193668528864059
0 0.7353463587921847 0.8752327746741154 0.152753108348135 0.1340782122905028
0 0.6074600355239786 0.9599627560521415 0.14209591474245115 0.07635009310986965
