0 0.37921847246891655 0.21508379888268156 0.03019538188277087 0.03910614525139665
0 0.3543516873889876 0.21601489757914338 0.023090586145648313 0.0223463687150838
0 0.6216696269982238 0.22532588454376165 0.03197158081705151 0.0260707635009311
0 0.6793960923623446 0.3026070763500931 0.04085257548845471 0.04655493482309125
0 0.9067495559502664 0.3817504655493482 0.037300177619893425 0.055865921787709494
0 0.8623445825932504 0.4860335195530726 0.055062166962699825 0.040968342644320296
0 0.6527531083481349 0.5409683426443203 0.08348134991119005 0.07262569832402235
0 0.3099467140319716 0.6201117318435754 0.03374777975133215 0.0521415270018622
0 0.477797513321492 0.6722532588454376 0.0497335701598579 0.0633147113594041
0 0.016873889875666074 0.6778398510242085 0.03374777975133215 0.08193668528864059
0 0.8552397868561279 0.7085661080074488 0.07992895204262877 0.08007448789571694
0 0.40763765541740676 0.9813780260707635 0.1438721136767318 0.0335195530726257
