0 0.019538188277087035 0.040968342644320296 0.03907637655417407 0.08193668528864059
0 0.8046181172291297 0.08752327746741155 0.07815275310834814 0.07076350093109869
0 0.8383658969804618 0.17690875232774675 0.056838365896980464 0.037243947858473
0 0.19094138543516873 0.5074487895716946 0.0763765541740675 0.08752327746741155
0 0.9520426287744227 0.5148975791433892 0.056838365896980464 0.05027932960893855
0 0.477797513321492 0.5986964618249534 0.07104795737122557 0.04655493482309125
0 0.933392539964476 0.7346368715083799 0.04440497335701599 0.054003724394785846
0 0.13765541740674955 0.749534450651769 0.06216696269982238 0.07262569832402235
0 0.4049733570159858 0.7569832402234636 0.07815275310834814 0.04283054003724395
0 0.5994671403197158 0.9757914338919925 0.04440497335701599 0.0446927374301676
