0 0.37300177619893427 0.22439478584729983 0.0674955595026643 0.08007448789571694
0 0.7895204262877442 0.24487895716945995 0.06216696269982238 0.09869646182495345
0 0.5550621669626998 0.2616387337057728 0.02664298401420959 0.05027932960893855
0 0.16074600355239788 0.4106145251396648 0.05150976909413854 0.05772811918063315
0 0.8436944937833037 0.5176908752327747 0.0674955595026643 0.055865921787709494
0 0.06927175843694494 0.6340782122905028 0.04262877442273535 0.05027932960893855
0 0.5319715808170515 0.6340782122905028 0.07992895204262877 0.05772811918063315
0 0.7966252220248667 0.7420856610800745 0.0763765541740675 0.07635009310986965
0 0.6420959147424512 0.9283054003724395 0.0905861456483126 0.08752327746741155
0 0.5515097690941385 0.9767225325884544 0.1261101243339254 0.04283054003724395
