0 0.327708703374778 0.0260707635009311 0.108348134991119 0.0521415270018622
0 0.7682060390763765 0.0893854748603352 0.08348134991119005 0.12290502793296089
0 0.4191829484902309 0.21508379888268156 0.056838365896980464 0.03910614525139665
0 0.8472468916518651 0.35195530726256985 0.06039076376554174 0.0893854748603352
0 0.2753108348134991 0.4897579143389199 0.12433392539964476 0.1527001862197393
0 0.6287744227353463 0.6675977653631285 0.14209591474245115 0.09124767225325885
0 0.3605683836589698 0.7616387337057728 0.0674955595026643 0.0633147113594041
0 0.327708703374778 0.8156424581005587 0.055062166962699825 0.07076350093109869
0 0.10124333925399645 0.8240223463687151 0.12433392539964476 0.15083798882681565
0 0.6980461811722913 0.909683426443203 0.06039076376554174 0.09124767225325885
0 0.3774422735346359 0.9608938547486033 0.08348134991119005 0.074487895716946
