0 0.15896980461811722 0.05027932960893855 0.08703374777975133 0.1005586592178771
0 0.33570159857904086 0.16294227188081936 0.021314387211367674 0.027932960893854747
0 0.7415630550621669 0.24860335195530725 0.16163410301953818 0.14711359404096835
0 0.5364120781527532 0.3240223463687151 0.06039076376554174 0.0521415270018622
0 0.008880994671403197 0.3584729981378026 0.017761989342806393 0.08379888268156424
0 0.24067495559502664 0.5176908752327747 0.0941385435168739 0.0782122905027933
0 0.5621669626998224 0.6675977653631285 0.06927175843694494 0.06890130353817504
0 0.7868561278863233 0.8119180633147114 0.07460035523978685 0.08193668528864059
0 0.016873889875666074 0.9134078212290503 0.03374777975133215 0.08007448789571694
0 0.21314387211367672 0.9711359404096834 0.10657193605683836 0.054003724394785846
0 0.41740674955595025 0.9851024208566108 0.09236234458259325 0.0260707635009311
