0 0.08170515097690942 0.0186219739292365 0.0674955595026643 0.037243947858473
0 0.17584369449378331 0.027932960893854747 0.08880994671403197 0.055865921787709494
0 0.6385435168738899 0.05027932960893855 0.06216696269982238 0.1005586592178771
0 0.7069271758436945 0.08286778398510242 0.0497335701598579 0.05772811918063315
0 0.8268206039076377 0.24115456238361266 0.055062166962699825 0.08379888268156424
0 0.391651865008881 0.2430167597765363 0.08703374777975133 0.06890130353817504
0 0.8099467140319716 0.37243947858473 0.07460035523978685 0.074487895716946
0 0.8827708703374778 0.6014897579143389 0.08880994671403197 0.0595903165735568
0 0.4129662522202487 0.6908752327746741 0.10479573712255773 0.055865921787709494
0 0.6802841918294849 0.7001862197392924 0.07460035523978685 0.0595903165735568
0 0.0452930728241563 0.9646182495344506 0.0905861456483126 0.0670391061452514
