0 0.5763765541740675 0.07728119180633147 0.06216696269982238 0.061452513966480445
0 0.7371225577264654 0.10148975791433892 0.06394316163410302 0.07262569832402235
0 0.14564831261101244 0.11266294227188083 0.09591474245115453 0.09497206703910614
0 0.5763765541740675 0.24394785847299813 0.108348134991119 0.10800744878957169
0 0.04440497335701599 0.29981378026070765 0.08880994671403197 0.10800744878957169
0 0.3463587921847247 0.3715083798882682 0.06394316163410302 0.06517690875232775
0 0.9467140319715808 0.4180633147113594 0.10301953818827708 0.10986964618249534
0 0.5870337477797514 0.4543761638733706 0.055062166962699825 0.0633147113594041
0 0.3650088809946714 0.5782122905027933 0.047957371225577264 0.061452513966480445
0 0.3632326820603908 0.6750465549348231 0.08703374777975133 0.06890130353817504
0 0.49644760213143874 0.8901303538175046 0.06216696269982238 0.07076350093109869
