0 0.4191829484902309 0.061452513966480445 0.0674955595026643 0.048417132216014895
0 0.18561278863232683 0.13966480446927373 0.037300177619893425 0.037243947858473
0 0.38632326820603907 0.18342644320297952 0.023090586145648313 0.03165735567970205
0 0.023978685612788632 0.25977653631284914 0.04085257548845471 0.020484171322160148
0 0.2673179396092362 0.30819366852886404 0.0586145648312611 0.035381750465549346
0 0.5053285968028419 0.3398510242085661 0.02664298401420959 0.027932960893854747
0 0.455595026642984 0.5763500931098696 0.023090586145648313 0.027932960893854747
0 0.7859680284191829 0.6359404096834265 0.037300177619893425 0.03910614525139665
0 0.9076376554174067 0.664804469273743 0.021314387211367674 0.055865921787709494
0 0.8472468916518651 0.8100558659217877 0.014209591474245116 0.0223463687150838
0 0.0994671403197158 0.9068901303538175 0.046181172291296625 0.040968342644320296
0 0.5621669626998224 0.9292364990689013 0.047957371225577264 0.040968342644320296
0 0.12344582593250444 0.9860335195530726 0.03019538188277087 0.020484171322160148
