0 0.7548845470692718 0.024208566108007448 0.046181172291296625 0.048417132216014895
0 0.41740674955595025 0.14152700186219738 0.035523978685612786 0.037243947858473
0 0.6012433392539964 0.15083798882681565 0.05150976909413854 0.0521415270018622
0 0.3037300177619893 0.17970204841713222 0.06039076376554174 0.06517690875232775
0 0.5026642984014209 0.239292364990689 0.1705150976909414 0.12849162011173185
0 0.7255772646536413 0.27932960893854747 0.0586145648312611 0.0595903165735568
0 0.130550621669627 0.4720670391061452 0.06571936056838366 0.10986964618249534
0 0.2797513321492007 0.4729981378026071 0.04440497335701599 0.0521415270018622
0 0.34458259325044405 0.5893854748603352 0.0674955595026643 0.04655493482309125
0 0.17673179396092362 0.6135940409683427 0.05150976909413854 0.05772811918063315
0 0.6083481349911191 0.6554934823091247 0.02664298401420959 0.0446927374301676
0 0.19094138543516873 0.6927374301675978 0.04440497335701599 0.074487895716946
0 0.5044404973357016 0.6992551210428305 0.05328596802841918 0.08007448789571694
0 0.7912966252220248 0.9115456238361266 0.04085257548845471 0.05772811918063315
0 0.6909413854351687 0.9776536312849162 0.0497335701598579 0.040968342644320296
