0 0.3543516873889876 0.4273743016759777 0.047957371225577264 0.05027932960893855
0 0.1269982238010657 0.590316573556797 0.055062166962699825 0.0521415270018622
0 0.3099467140319716 0.46461824953445063 0.03374777975133215 0.027932960893854747
0 0.19094138543516873 0.4143389199255121 0.019538188277087035 0.03910614525139665
0 0.3197158081705151 0.29236499068901306 0.0497335701598579 0.040968342644320296
0 0.4129662522202487 0.2169459962756052 0.047957371225577264 0.05027932960893855
0 0.5461811722912966 0.4776536312849162 0.04085257548845471 0.061452513966480445
0 0.6252220248667851 0.43854748603351956 0.02486678507992895 0.03165735567970205
0 0.5186500888099467 0.3100558659217877 0.017761989342806393 0.027932960893854747
0 0.6438721136767318 0.4543761638733706 0.023090586145648313 0.0297951582867784
0 0.38987566607460034 0.5763500931098696 0.037300177619893425 0.024208566108007448
0 0.4271758436944938 0.5363128491620112 0.02664298401420959 0.0260707635009311
0 0.672291296625222 0.686219739292365 0.05150976909413854 0.04655493482309125
0 0.7380106571936057 0.43947858472998136 0.04440497335701599 0.048417132216014895
0 0.6341030195381883 0.260707635009311 0.035523978685612786 0.037243947858473
0 0.844582593250444 0.25884543761638734 0.04085257548845471 0.048417132216014895
0 0.21580817051509768 0.9162011173184358 0.0586145648312611 0.055865921787709494
0 0.03996447602131439 0.7579143389199255 0.04440497335701599 0.0446927374301676
0 0.38188277087033745 0.9152700186219739 0.028419182948490232 0.024208566108007448
