0 0.08081705150976909 0.00931098696461825 0.06571936056838366 0.0186219739292365
0 0.23268206039076378 0.049348230912476726 0.0497335701598579 0.04655493482309125
0 0.3259325044404973 0.07262569832402235 0.04085257548845471 0.055865921787709494
0 0.7264653641207816 0.2541899441340782 0.05328596802841918 0.054003724394785846
0 0.1989342806394316 0.2718808193668529 0.06039076376554174 0.07076350093109869
0 0.8543516873889876 0.31471135940409684 0.0852575488454707 0.0931098696461825
0 0.056838365896980464 0.35195530726256985 0.06039076376554174 0.0446927374301676
0 0.7921847246891652 0.4059590316573557 0.03907637655417407 0.040968342644320296
0 0.13854351687388988 0.4329608938547486 0.0497335701598579 0.03910614525139665
0 0.22824156305506216 0.4823091247672253 0.047957371225577264 0.0446927374301676
0 0.5603907637655418 0.5288640595903166 0.047957371225577264 0.055865921787709494
0 0.3641207815275311 0.5940409683426443 0.03907637655417407 0.0633147113594041
0 0.2255772646536412 0.5977653631284916 0.046181172291296625 0.0633147113594041
0 0.7273534635879219 0.7113594040968343 0.03374777975133215 0.0633147113594041
0 0.49822380106571934 0.8240223463687151 0.055062166962699825 0.06890130353817504
0 0.29396092362344584 0.8417132216014898 0.0586145648312611 0.048417132216014895
