0 0.3259325044404973 0.006517690875232775 0.03374777975133215 0.01303538175046555
0 0.522202486678508 0.023277467411545624 0.04262877442273535 0.04655493482309125
0 0.5186500888099467 0.13687150837988826 0.046181172291296625 0.035381750465549346
0 0.7921847246891652 0.17318435754189945 0.056838365896980464 0.040968342644320296
0 0.8410301953818827 0.20949720670391062 0.047957371225577264 0.03910614525139665
0 0.7726465364120781 0.21973929236499068 0.046181172291296625 0.040968342644320296
0 0.007992895204262877 0.329608938547486 0.015985790408525755 0.0446927374301676
0 0.8978685612788633 0.3929236499068901 0.08348134991119005 0.0633147113594041
0 0.48134991119005327 0.462756052141527 0.03907637655417407 0.054003724394785846
0 0.23090586145648312 0.4757914338919926 0.06394316163410302 0.06890130353817504
0 0.20426287744227353 0.590316573556797 0.05328596802841918 0.055865921787709494
0 0.6909413854351687 0.6554934823091247 0.0497335701598579 0.0446927374301676
0 0.8294849023090586 0.6964618249534451 0.035523978685612786 0.08193668528864059
0 0.108348134991119 0.7718808193668529 0.0674955595026643 0.06517690875232775
0 0.4955595026642984 0.9413407821229051 0.06039076376554174 0.05772811918063315
