0 0.7193605683836589 0.18901303538175046 0.056838365896980464 0.054003724394785846
0 0.10657193605683836 0.19180633147113593 0.03907637655417407 0.0856610800744879
0 0.6465364120781527 0.3752327746741155 0.05328596802841918 0.054003724394785846
0 0.21758436944937834 0.3845437616387337 0.04440497335701599 0.04283054003724395
0 0.8436944937833037 0.4338919925512104 0.07460035523978685 0.07076350093109869
0 0.21580817051509768 0.45623836126629425 0.0586145648312611 0.055865921787709494
0 0.6980461811722913 0.5577281191806331 0.06394316163410302 0.05772811918063315
0 0.6865008880994672 0.6396648044692738 0.03374777975133215 0.03165735567970205
0 0.27087033747779754 0.6629422718808193 0.08348134991119005 0.0893854748603352
0 0.1891651865008881 0.6685288640595903 0.06216696269982238 0.074487895716946
0 0.15541740674955595 0.813780260707635 0.04440497335701599 0.048417132216014895
0 0.31349911190053287 0.861266294227188 0.05150976909413854 0.04655493482309125
0 0.18650088809946713 0.8891992551210428 0.08170515097690942 0.08379888268156424
