0 0.44404973357015987 0.09497206703910614 0.07460035523978685 0.09683426443202979
0 0.6891651865008881 0.10986964618249534 0.046181172291296625 0.07076350093109869
0 0.37921847246891655 0.2048417132216015 0.03374777975133215 0.0595903165735568
0 0.16341030195381884 0.22532588454376165 0.06394316163410302 0.0670391061452514
0 0.0941385435168739 0.2346368715083799 0.0674955595026643 0.0633147113594041
0 0.8658969804618117 0.2709497206703911 0.047957371225577264 0.06890130353817504
0 0.8854351687388987 0.39385474860335196 0.06571936056838366 0.061452513966480445
0 0.1625222024866785 0.4134078212290503 0.03374777975133215 0.0297951582867784
0 0.38809946714031973 0.44227188081936686 0.047957371225577264 0.05772811918063315
0 0.29396092362344584 0.44320297951582865 0.08348134991119005 0.040968342644320296
0 0.6918294849023091 0.5037243947858473 0.037300177619893425 0.03910614525139665
0 0.3632326820603908 0.590316573556797 0.03374777975133215 0.037243947858473
0 0.3063943161634103 0.6415270018621974 0.037300177619893425 0.03910614525139665
0 0.13854351687388988 0.7523277467411545 0.03197158081705151 0.0893854748603352
0 0.3827708703374778 0.909683426443203 0.037300177619893425 0.054003724394785846
0 0.5239786856127886 0.9897579143389199 0.05328596802841918 0.01675977653631285
