0 0.6563055062166963 0.0148975791433892 0.03374777975133215 0.0297951582867784
0 0.4573712255772647 0.049348230912476726 0.15452930728241562 0.09869646182495345
0 0.7477797513321492 0.09497206703910614 0.0674955595026643 0.0893854748603352
0 0.42984014209591476 0.16573556797020483 0.028419182948490232 0.037243947858473
0 0.37921847246891655 0.19553072625698323 0.03374777975133215 0.055865921787709494
0 0.9138543516873889 0.1973929236499069 0.02664298401420959 0.0446927374301676
0 0.44760213143872113 0.21415270018621974 0.028419182948490232 0.040968342644320296
0 0.19626998223801065 0.2802607076350093 0.03019538188277087 0.04283054003724395
0 0.6998223801065719 0.3286778398510242 0.10301953818827708 0.15828677839851024
0 0.3650088809946714 0.3575418994413408 0.0586145648312611 0.0670391061452514
0 0.24067495559502664 0.5754189944134078 0.055062166962699825 0.055865921787709494
0 0.9440497335701599 0.5800744878957169 0.03374777975133215 0.061452513966480445
0 0.5319715808170515 0.664804469273743 0.06216696269982238 0.0670391061452514
0 0.4591474245115453 0.6973929236499069 0.03374777975133215 0.054003724394785846
0 0.4129662522202487 0.7513966480446927 0.037300177619893425 0.054003724394785846
0 0.19982238010657194 0.8268156424581006 0.04440497335701599 0.0446927374301676
0 0.4369449378330373 0.8817504655493482 0.04262877442273535 0.05027932960893855
0 0.7087033747779752 0.9590316573556797 0.0852575488454707 0.0782122905027933
0 0.05328596802841918 0.9804469273743017 0.07460035523978685 0.035381750465549346
0 0.5044404973357016 0.972998137802607 0.12078152753108348 0.05027932960893855
