0 0.302841918294849 0.00931098696461825 0.07282415630550622 0.0186219739292365
0 0.12877442273534637 0.015828677839851025 0.08348134991119005 0.03165735567970205
0 0.041740674955595025 0.09404096834264432 0.08348134991119005 0.08379888268156424
0 0.8641207815275311 0.1424581005586592 0.06216696269982238 0.054003724394785846
0 0.5470692717584369 0.28957169459962756 0.1172291296625222 0.11359404096834265
0 0.3703374777975133 0.36033519553072624 0.05150976909413854 0.06890130353817504
0 0.5754884547069272 0.3752327746741155 0.028419182948490232 0.035381750465549346
0 0.45381882770870335 0.4171322160148976 0.07282415630550622 0.0633147113594041
0 0.3925399644760213 0.48324022346368717 0.035523978685612786 0.024208566108007448
0 0.5950266429840142 0.5018621973929237 0.046181172291296625 0.054003724394785846
0 0.3703374777975133 0.5167597765363129 0.015985790408525755 0.035381750465549346
0 0.5399644760213144 0.5195530726256983 0.017761989342806393 0.0223463687150838
0 0.0941385435168739 0.5307262569832403 0.035523978685612786 0.0446927374301676
0 0.7042628774422736 0.5363128491620112 0.10479573712255773 0.0595903165735568
0 0.9103019538188277 0.5446927374301676 0.03374777975133215 0.04655493482309125
0 0.5346358792184724 0.5661080074487895 0.014209591474245116 0.0297951582867784
0 0.238898756660746 0.590316573556797 0.03019538188277087 0.0297951582867784
0 0.13676731793960922 0.7327746741154563 0.03907637655417407 0.03165735567970205
0 0.018650088809946713 0.8500931098696461 0.037300177619893425 0.061452513966480445
0 0.18561278863232683 0.9543761638733705 0.20426287744227353 0.08752327746741155
