0 0.3783303730017762 0.43575418994413406 0.06394316163410302 0.055865921787709494
0 0.6083481349911191 0.4702048417132216 0.04440497335701599 0.06517690875232775
0 0.6749555950266429 0.4851024208566108 0.056838365896980464 0.05772811918063315
0 0.40230905861456484 0.5307262569832403 0.04085257548845471 0.048417132216014895
0 0.4928952042628774 0.5810055865921788 0.055062166962699825 0.048417132216014895
0 0.33570159857904086 0.6014897579143389 0.05328596802841918 0.0595903165735568
0 0.5301953818827708 0.6666666666666666 0.03019538188277087 0.07076350093109869
0 0.1447602131438721 0.7402234636871509 0.11545293072824156 0.11359404096834265
0 0.3774422735346359 0.7486033519553073 0.06571936056838366 0.1042830540037244
0 0.02930728241563055 0.8314711359404097 0.0586145648312611 0.10986964618249534
0 0.2344582593250444 0.9711359404096834 0.08170515097690942 0.054003724394785846
