0 0.5577264653641207 0.019553072625698324 0.07460035523978685 0.03910614525139665
0 0.7415630550621669 0.049348230912476726 0.15452930728241562 0.09869646182495345
0 0.8934280639431617 0.20577281191806332 0.06394316163410302 0.061452513966480445
0 0.4920071047957371 0.2169459962756052 0.046181172291296625 0.061452513966480445
0 0.413854351687389 0.30353817504655495 0.0497335701598579 0.048417132216014895
0 0.33037300177619894 0.3165735567970205 0.0497335701598579 0.0670391061452514
0 0.6163410301953819 0.3398510242085661 0.06394316163410302 0.06517690875232775
0 0.25843694493783304 0.351024208566108 0.0586145648312611 0.061452513966480445
0 0.47957371225577267 0.3715083798882682 0.035523978685612786 0.03910614525139665
0 0.7575488454706927 0.3743016759776536 0.05150976909413854 0.0893854748603352
0 0.03641207815275311 0.44227188081936686 0.07282415630550622 0.06517690875232775
0 0.9724689165186501 0.4851024208566108 0.047957371225577264 0.05027932960893855
0 0.25133214920071045 0.4972067039106145 0.05150976909413854 0.0633147113594041
0 0.4227353463587922 0.5642458100558659 0.03907637655417407 0.048417132216014895
0 0.5275310834813499 0.6145251396648045 0.06394316163410302 0.0633147113594041
0 0.2557726465364121 0.6433891992551211 0.05328596802841918 0.061452513966480445
0 0.4271758436944938 0.6843575418994413 0.0763765541740675 0.06517690875232775
0 0.8605683836589698 0.75512104283054 0.1261101243339254 0.09497206703910614
0 0.017761989342806393 0.8575418994413407 0.035523978685612786 0.06890130353817504
