0 0.4103019538188277 0.17597765363128492 0.03907637655417407 0.054003724394785846
0 0.2921847246891652 0.29702048417132215 0.02664298401420959 0.04655493482309125
0 0.35701598579040855 0.3435754189944134 0.03907637655417407 0.03910614525139665
0 0.20071047957371227 0.3472998137802607 0.03907637655417407 0.04655493482309125
0 0.7149200710479574 0.3957169459962756 0.09769094138543517 0.14338919925512103
0 0.3241563055062167 0.4143389199255121 0.047957371225577264 0.03910614525139665
0 0.5772646536412078 0.4329608938547486 0.035523978685612786 0.04655493482309125
0 0.4369449378330373 0.5819366852886406 0.03907637655417407 0.05027932960893855
0 0.34991119005328597 0.6508379888268156 0.05328596802841918 0.04655493482309125
0 0.7140319715808171 0.6787709497206704 0.035523978685612786 0.06517690875232775
0 0.5071047957371225 0.7169459962756052 0.047957371225577264 0.0595903165735568
0 0.26376554174067496 0.7309124767225326 0.047957371225577264 0.03910614525139665
0 0.5506216696269982 0.7616387337057728 0.056838365896980464 0.0782122905027933
0 0.1261101243339254 0.7746741154562383 0.03197158081705151 0.0595903165735568
0 0.017761989342806393 0.7970204841713222 0.035523978685612786 0.1042830540037244
0 0.12078152753108348 0.9739292364990689 0.10301953818827708 0.048417132216014895
