0 0.07992895204262877 0.00931098696461825 0.08880994671403197 0.0186219739292365
0 0.4218472468916519 0.0782122905027933 0.04440497335701599 0.08193668528864059
0 0.31616341030195383 0.12197392923649907 0.07460035523978685 0.08007448789571694
0 0.46003552397868563 0.24022346368715083 0.0497335701598579 0.08193668528864059
0 0.6438721136767318 0.2774674115456238 0.047957371225577264 0.0335195530726257
0 0.5692717584369449 0.2849162011173184 0.04085257548845471 0.048417132216014895
0 0.7380106571936057 0.297951582867784 0.037300177619893425 0.040968342644320296
0 0.9147424511545293 0.3547486033519553 0.046181172291296625 0.061452513966480445
0 0.3481349911190053 0.37243947858473 0.056838365896980464 0.074487895716946
0 0.5186500888099467 0.44227188081936686 0.035523978685612786 0.05772811918063315
0 0.9280639431616341 0.4581005586592179 0.047957371225577264 0.0595903165735568
0 0.15719360568383658 0.4655493482309125 0.04085257548845471 0.0595903165735568
0 0.7504440497335702 0.4720670391061452 0.047957371225577264 0.061452513966480445
0 0.6980461811722913 0.5018621973929237 0.03907637655417407 0.06517690875232775
0 0.4626998223801066 0.5409683426443203 0.04085257548845471 0.061452513966480445
0 0.33126110124333924 0.5670391061452514 0.04085257548845471 0.03910614525139665
0 0.6190053285968028 0.5800744878957169 0.047957371225577264 0.06517690875232775
0 0.7371225577264654 0.62756052141527 0.05328596802841918 0.0670391061452514
0 0.25843694493783304 0.6629422718808193 0.06571936056838366 0.0782122905027933
0 0.36678507992895204 0.7458100558659218 0.06216696269982238 0.03910614525139665
0 0.3419182948490231 0.9189944134078212 0.108348134991119 0.061452513966480445
