0 0.19182948490230906 0.0111731843575419 0.046181172291296625 0.0223463687150838
0 0.5026642984014209 0.1387337057728119 0.046181172291296625 0.05772811918063315
0 0.40142095914742454 0.19925512104283055 0.06039076376554174 0.074487895716946
0 0.035523978685612786 0.21042830540037244 0.07104795737122557 0.0670391061452514
0 0.29484902309058614 0.2681564245810056 0.021314387211367674 0.0446927374301676
0 0.5239786856127886 0.2849162011173184 0.05328596802841918 0.07076350093109869
0 0.7930728241563055 0.3091247672253259 0.07992895204262877 0.0595903165735568
0 0.19449378330373002 0.319366852886406 0.06216696269982238 0.061452513966480445
0 0.4049733570159858 0.329608938547486 0.056838365896980464 0.0633147113594041
0 0.5621669626998224 0.34543761638733705 0.06571936056838366 0.061452513966480445
0 0.8472468916518651 0.3761638733705773 0.04262877442273535 0.037243947858473
0 0.8765541740674956 0.43109869646182497 0.03374777975133215 0.04655493482309125
0 0.7113676731793961 0.4506517690875233 0.04085257548845471 0.055865921787709494
0 0.25843694493783304 0.49441340782122906 0.0586145648312611 0.03910614525139665
0 0.5532859680284192 0.5251396648044693 0.03374777975133215 0.048417132216014895
0 0.7770870337477798 0.6145251396648045 0.06216696269982238 0.0670391061452514
0 0.23179396092362345 0.6210428305400373 0.047957371225577264 0.07262569832402235
0 0.6465364120781527 0.638733705772812 0.07815275310834814 0.0670391061452514
0 0.5133214920071048 0.6396648044692738 0.0674955595026643 0.061452513966480445
0 0.7362344582593251 0.7206703910614525 0.05150976909413854 0.0446927374301676
0 0.3188277087033748 0.7364990689013036 0.03374777975133215 0.03165735567970205
0 0.5630550621669627 0.7830540037243948 0.08880994671403197 0.08007448789571694
0 0.34902309058614567 0.7858472998137802 0.02664298401420959 0.0297951582867784
0 0.8152753108348135 0.792364990689013 0.06039076376554174 0.061452513966480445
0 0.2886323268206039 0.9376163873370578 0.06216696269982238 0.08752327746741155
0 0.8072824156305506 0.9925512104283054 0.04440497335701599 0.0111731843575419
