0 0.3703374777975133 0.21601489757914338 0.03374777975133215 0.0595903165735568
0 0.16341030195381884 0.24581005586592178 0.04262877442273535 0.0446927374301676
0 0.5825932504440497 0.3054003724394786 0.046181172291296625 0.0633147113594041
0 0.6714031971580817 0.37057728119180633 0.08170515097690942 0.10800744878957169
0 0.04706927175843695 0.38733705772811916 0.03374777975133215 0.0521415270018622
0 0.43872113676731794 0.4757914338919926 0.06039076376554174 0.08007448789571694
0 0.6767317939609236 0.527001862197393 0.04262877442273535 0.0521415270018622
0 0.12433392539964476 0.5409683426443203 0.056838365896980464 0.061452513966480445
0 0.7468916518650088 0.5502793296089385 0.0586145648312611 0.05772811918063315
0 0.655417406749556 0.5605214152700186 0.04262877442273535 0.0521415270018622
0 0.152753108348135 0.6098696461824954 0.03907637655417407 0.07635009310986965
0 0.014209591474245116 0.6461824953445066 0.028419182948490232 0.074487895716946
0 0.5932504440497336 0.6461824953445066 0.05328596802841918 0.08193668528864059
0 0.5266429840142096 0.6657355679702048 0.03374777975133215 0.10614525139664804
0 0.35879218472468916 0.8072625698324022 0.06394316163410302 0.07262569832402235
0 0.7912966252220248 0.9199255121042831 0.08348134991119005 0.08193668528864059
0 0.6119005328596803 0.9776536312849162 0.055062166962699825 0.040968342644320296
