0 0.40763765541740676 0.16573556797020483 0.037300177619893425 0.0335195530726257
0 0.19182948490230906 0.16945996275605213 0.0674955595026643 0.0521415270018622
0 0.6705150976909414 0.239292364990689 0.037300177619893425 0.05027932960893855
0 0.8463587921847247 0.2737430167597765 0.0586145648312611 0.048417132216014895
0 0.588809946714032 0.2774674115456238 0.0763765541740675 0.10800744878957169
0 0.9174067495559503 0.48324022346368717 0.0586145648312611 0.04655493482309125
0 0.28596802841918295 0.4851024208566108 0.03907637655417407 0.07635009310986965
0 0.4271758436944938 0.48696461824953446 0.04085257548845471 0.054003724394785846
0 0.06394316163410302 0.5148975791433892 0.028419182948490232 0.03910614525139665
0 0.5479573712255773 0.574487895716946 0.047957371225577264 0.08007448789571694
0 0.10213143872113677 0.6061452513966481 0.03019538188277087 0.05027932960893855
0 0.15630550621669628 0.6629422718808193 0.046181172291296625 0.0595903165735568
0 0.3747779751332149 0.6713221601489758 0.05328596802841918 0.054003724394785846
0 0.5772646536412078 0.7001862197392924 0.035523978685612786 0.0521415270018622
0 0.327708703374778 0.7253258845437617 0.04440497335701599 0.035381750465549346
0 0.6971580817051509 0.7327746741154563 0.07282415630550622 0.09869646182495345
0 0.44493783303730017 0.7914338919925512 0.04085257548845471 0.048417132216014895
0 0.3969804618117229 0.797951582867784 0.05150976909413854 0.035381750465549346
0 0.3845470692717584 0.8500931098696461 0.06216696269982238 0.06517690875232775
0 0.3614564831261101 0.9143389199255121 0.06927175843694494 0.0893854748603352
0 0.6669626998223801 0.9394785847299814 0.047957371225577264 0.07262569832402235
