0 0.41563055062166965 0.16294227188081936 0.06039076376554174 0.04655493482309125
0 0.4857904085257549 0.2011173184357542 0.05150976909413854 0.0521415270018622
0 0.2886323268206039 0.22439478584729983 0.047957371225577264 0.06890130353817504
0 0.5985790408525755 0.26908752327746743 0.08880994671403197 0.05772811918063315
0 0.5 0.4329608938547486 0.06927175843694494 0.06517690875232775
0 0.6802841918294849 0.46368715083798884 0.0994671403197158 0.1005586592178771
0 0.10746003552397869 0.6145251396648045 0.0905861456483126 0.0782122905027933
0 0.3428063943161634 0.7476722532588455 0.12788632326820604 0.10242085661080075
0 0.1447602131438721 0.8165735567970205 0.04440497335701599 0.06890130353817504
0 0.4573712255772647 0.9292364990689013 0.07992895204262877 0.055865921787709494
