0 0.22646536412078153 0.023277467411545624 0.037300177619893425 0.04655493482309125
0 0.08969804618117229 0.08007448789571694 0.0763765541740675 0.0782122905027933
0 0.3428063943161634 0.10335195530726257 0.03907637655417407 0.03910614525139665
0 0.31349911190053287 0.186219739292365 0.0586145648312611 0.074487895716946
0 0.24600355239786856 0.29329608938547486 0.047957371225577264 0.05772811918063315
0 0.15541740674955595 0.30446927374301674 0.055062166962699825 0.061452513966480445
0 0.7957371225577264 0.36405959031657353 0.046181172291296625 0.04283054003724395
0 0.32149200710479575 0.4068901303538175 0.056838365896980464 0.12476722532588454
0 0.2291296625222025 0.4106145251396648 0.04262877442273535 0.04283054003724395
0 0.2477797513321492 0.4776536312849162 0.037300177619893425 0.04283054003724395
0 0.5150976909413855 0.48044692737430167 0.08170515097690942 0.0856610800744879
0 0.3614564831261101 0.6675977653631285 0.047957371225577264 0.07262569832402235
0 0.8880994671403197 0.6787709497206704 0.07460035523978685 0.07635009310986965
0 0.6509769094138543 0.7132216014897579 0.06216696269982238 0.0595903165735568
0 0.88898756660746 0.9273743016759777 0.04085257548845471 0.048417132216014895
0 0.016873889875666074 0.962756052141527 0.03374777975133215 0.0633147113594041
0 0.5310834813499112 0.9823091247672253 0.07815275310834814 0.03165735567970205
