0 0.5728241563055062 0.2849162011173184 0.07992895204262877 0.0595903165735568
0 0.8072824156305506 0.4208566108007449 0.13676731793960922 0.1527001862197393
0 0.2477797513321492 0.44878957169459965 0.0586145648312611 0.040968342644320296
0 0.47602131438721135 0.46461824953445063 0.046181172291296625 0.054003724394785846
0 0.9076376554174067 0.4692737430167598 0.07815275310834814 0.0670391061452514
0 0.152753108348135 0.5121042830540037 0.03197158081705151 0.048417132216014895
0 0.23801065719360567 0.611731843575419 0.0674955595026643 0.054003724394785846
0 0.369449378330373 0.6480446927374302 0.03907637655417407 0.0521415270018622
0 0.44404973357015987 0.729050279329609 0.05328596802841918 0.054003724394785846
0 0.03019538188277087 0.7951582867783985 0.04262877442273535 0.08193668528864059
0 0.012433392539964476 0.9459962756052142 0.02486678507992895 0.0670391061452514
0 0.6705150976909414 0.9497206703910615 0.10124333925399645 0.09683426443202979
0 0.2886323268206039 0.9776536312849162 0.11900532859680284 0.040968342644320296
