0 0.7699822380106572 0.08007448789571694 0.047957371225577264 0.07076350093109869
0 0.849911190053286 0.27001862197392923 0.08348134991119005 0.0856610800744879
0 0.7655417406749556 0.39757914338919925 0.056838365896980464 0.10614525139664804
0 0.22646536412078153 0.44227188081936686 0.04440497335701599 0.03910614525139665
0 0.6705150976909414 0.5353817504655494 0.04440497335701599 0.05027932960893855
0 0.19271758436944939 0.5409683426443203 0.02664298401420959 0.04283054003724395
0 0.369449378330373 0.5875232774674115 0.03907637655417407 0.03165735567970205
0 0.6323268206039077 0.5912476722532588 0.03197158081705151 0.05027932960893855
0 0.6918294849023091 0.6033519553072626 0.037300177619893425 0.037243947858473
0 0.4325044404973357 0.6247672253258846 0.04085257548845471 0.05772811918063315
0 0.5808170515097691 0.633147113594041 0.046181172291296625 0.055865921787709494
0 0.5 0.6405959031657356 0.04440497335701599 0.037243947858473
0 0.16341030195381884 0.6424581005586593 0.028419182948490232 0.0782122905027933
0 0.22824156305506216 0.7597765363128491 0.0586145648312611 0.0670391061452514
0 0.8712255772646537 0.7616387337057728 0.07282415630550622 0.074487895716946
0 0.5310834813499112 0.7877094972067039 0.06039076376554174 0.0670391061452514
0 0.27087033747779754 0.7998137802607076 0.04440497335701599 0.035381750465549346
0 0.10479573712255773 0.8743016759776536 0.06039076376554174 0.05772811918063315
0 0.3339253996447602 0.904096834264432 0.0497335701598579 0.05772811918063315
