0 0.0497335701598579 0.013966480446927373 0.03197158081705151 0.027932960893854747
0 0.7220248667850799 0.1713221601489758 0.11190053285968028 0.14152700186219738
0 0.8756660746003553 0.25512104283054005 0.0674955595026643 0.0633147113594041
0 0.6349911190053286 0.27281191806331473 0.055062166962699825 0.04283054003724395
0 0.4769094138543517 0.409683426443203 0.04085257548845471 0.0856610800744879
0 0.6802841918294849 0.45996275605214154 0.0497335701598579 0.074487895716946
0 0.9289520426287744 0.5167597765363129 0.0497335701598579 0.03910614525139665
0 0.027531083481349913 0.5484171322160148 0.055062166962699825 0.09497206703910614
0 0.15896980461811722 0.6899441340782123 0.037300177619893425 0.04283054003724395
0 0.043516873889875664 0.7756052141527002 0.06927175843694494 0.06517690875232775
0 0.8907637655417406 0.7774674115456238 0.04085257548845471 0.03910614525139665
0 0.3765541740674956 0.8156424581005587 0.06039076376554174 0.0856610800744879
0 0.5435168738898757 0.8258845437616388 0.0674955595026643 0.07262569832402235
