0 0.48934280639431615 0.055865921787709494 0.047957371225577264 0.048417132216014895
0 0.16962699822380106 0.2169459962756052 0.037300177619893425 0.054003724394785846
0 0.46181172291296624 0.28584729981378026 0.03907637655417407 0.04283054003724395
0 0.6660746003552398 0.2905027932960894 0.035523978685612786 0.0446927374301676
0 0.055062166962699825 0.3761638733705773 0.03907637655417407 0.055865921787709494
0 0.5266429840142096 0.40130353817504655 0.02664298401420959 0.03165735567970205
0 0.35168738898756663 0.4972067039106145 0.03197158081705151 0.0297951582867784
0 0.4182948490230906 0.5363128491620112 0.03019538188277087 0.0521415270018622
0 0.08703374777975133 0.5502793296089385 0.0497335701598579 0.03910614525139665
0 0.46625222024866786 0.5661080074487895 0.037300177619893425 0.055865921787709494
0 0.27886323268206037 0.6256983240223464 0.05328596802841918 0.07076350093109869
0 0.7433392539964476 0.6405959031657356 0.03374777975133215 0.037243947858473
0 0.21314387211367672 0.7662942271880819 0.03907637655417407 0.04283054003724395
