0 0.10124333925399645 0.021415270018621976 0.05328596802841918 0.04283054003724395
0 0.8197158081705151 0.11266294227188083 0.06927175843694494 0.06890130353817504
0 0.3046181172291297 0.1685288640595903 0.04440497335701599 0.03910614525139665
0 0.40319715808170514 0.16945996275605213 0.035523978685612786 0.0446927374301676
0 0.4200710479573712 0.3100558659217877 0.05150976909413854 0.08007448789571694
0 0.5772646536412078 0.3780260707635009 0.046181172291296625 0.0335195530726257
0 0.4724689165186501 0.39013035381750466 0.04262877442273535 0.054003724394785846
0 0.21047957371225579 0.39106145251396646 0.0941385435168739 0.1303538175046555
0 0.10568383658969804 0.4180633147113594 0.10479573712255773 0.07262569832402235
0 0.5728241563055062 0.4404096834264432 0.03019538188277087 0.027932960893854747
0 0.5106571936056838 0.5074487895716946 0.019538188277087035 0.027932960893854747
0 0.18383658969804617 0.595903165735568 0.08703374777975133 0.1303538175046555
0 0.7104795737122558 0.6396648044692738 0.05328596802841918 0.08752327746741155
0 0.44404973357015987 0.6685288640595903 0.035523978685612786 0.0446927374301676
0 0.5799289520426287 0.6834264432029795 0.03374777975133215 0.0670391061452514
0 0.6216696269982238 0.6880819366852886 0.028419182948490232 0.054003724394785846
0 0.8703374777975134 0.8119180633147114 0.0497335701598579 0.055865921787709494
