0 0.4067495559502664 0.21880819366852886 0.02486678507992895 0.04655493482309125
0 0.5195381882770871 0.26629422718808193 0.08348134991119005 0.07076350093109869
0 0.5763765541740675 0.27932960893854747 0.055062166962699825 0.0595903165735568
0 0.14120781527531084 0.30446927374301674 0.055062166962699825 0.061452513966480445
0 0.17584369449378331 0.3621973929236499 0.0674955595026643 0.07635009310986965
0 0.6021314387211367 0.37057728119180633 0.10657193605683836 0.074487895716946
0 0.7042628774422736 0.44599627560521415 0.0763765541740675 0.06517690875232775
0 0.40763765541740676 0.44692737430167595 0.037300177619893425 0.048417132216014895
0 0.27175843694493784 0.4590316573556797 0.03907637655417407 0.035381750465549346
0 0.8197158081705151 0.4860335195530726 0.05150976909413854 0.0633147113594041
0 0.3756660746003552 0.5288640595903166 0.03374777975133215 0.037243947858473
0 0.5452930728241563 0.5363128491620112 0.046181172291296625 0.0521415270018622
0 0.4147424511545293 0.5698324022346368 0.04085257548845471 0.0335195530726257
0 0.7664298401420959 0.5940409683426443 0.10479573712255773 0.1005586592178771
0 0.9396092362344582 0.654562383612663 0.05328596802841918 0.061452513966480445
0 0.16341030195381884 0.6554934823091247 0.06039076376554174 0.0670391061452514
0 0.21758436944937834 0.7756052141527002 0.08348134991119005 0.08379888268156424
0 0.21403197158081705 0.8687150837988827 0.0905861456483126 0.08007448789571694
0 0.5577264653641207 0.9106145251396648 0.04262877442273535 0.0633147113594041
0 0.7255772646536413 0.9497206703910615 0.0941385435168739 0.09683426443202979
