0 0.10301953818827708 0.1527001862197393 0.021314387211367674 0.048417132216014895
0 0.8392539964476021 0.15363128491620112 0.06571936056838366 0.10614525139664804
0 0.4822380106571936 0.19832402234636873 0.0586145648312611 0.04283054003724395
0 0.6198934280639432 0.2346368715083799 0.04262877442273535 0.040968342644320296
0 0.2433392539964476 0.27281191806331473 0.05328596802841918 0.04283054003724395
0 0.6687388987566607 0.27281191806331473 0.04440497335701599 0.027932960893854747
0 0.15008880994671403 0.3538175046554935 0.037300177619893425 0.048417132216014895
0 0.6083481349911191 0.35940409683426444 0.04440497335701599 0.040968342644320296
0 0.42539964476021314 0.4134078212290503 0.04440497335701599 0.055865921787709494
0 0.455595026642984 0.5493482309124768 0.04085257548845471 0.0595903165735568
0 0.5612788632326821 0.5810055865921788 0.03197158081705151 0.0670391061452514
0 0.23801065719360567 0.6936685288640596 0.08880994671403197 0.05772811918063315
0 0.61101243339254 0.6955307262569832 0.06039076376554174 0.07262569832402235
0 0.283303730017762 0.8817504655493482 0.05150976909413854 0.06890130353817504
