0 0.42362344582593253 0.13966480446927373 0.03374777975133215 0.048417132216014895
0 0.48401420959147423 0.17318435754189945 0.037300177619893425 0.0335195530726257
0 0.2033747779751332 0.2011173184357542 0.05150976909413854 0.07076350093109869
0 0.6820603907637656 0.2048417132216015 0.0497335701598579 0.048417132216014895
0 0.4200710479573712 0.20577281191806332 0.02664298401420959 0.03910614525139665
0 0.5621669626998224 0.27001862197392923 0.03374777975133215 0.0670391061452514
0 0.327708703374778 0.39757914338919925 0.06927175843694494 0.054003724394785846
0 0.6856127886323268 0.42178770949720673 0.03907637655417407 0.04655493482309125
0 0.1492007104795737 0.4273743016759777 0.02486678507992895 0.03910614525139665
0 0.9502664298401421 0.4301675977653631 0.046181172291296625 0.0446927374301676
0 0.6705150976909414 0.48696461824953446 0.02664298401420959 0.04283054003724395
0 0.3703374777975133 0.4962756052141527 0.04440497335701599 0.05027932960893855
0 0.6571936056838366 0.5409683426443203 0.05328596802841918 0.03910614525139665
0 0.1341030195381883 0.568901303538175 0.037300177619893425 0.04283054003724395
0 0.33126110124333924 0.6620111731843575 0.04440497335701599 0.05772811918063315
0 0.5133214920071048 0.7029795158286778 0.05328596802841918 0.06517690875232775
0 0.433392539964476 0.7271880819366853 0.035523978685612786 0.03910614525139665
0 0.2753108348134991 0.7560521415270018 0.056838365896980464 0.0446927374301676
0 0.27353463587921845 0.8184357541899442 0.0497335701598579 0.05772811918063315
0 0.15452930728241562 0.9590316573556797 0.1172291296625222 0.0782122905027933
0 0.6616341030195382 0.9776536312849162 0.047957371225577264 0.040968342644320296
0 0.5275310834813499 0.010242085661080074 0.046181172291296625 0.020484171322160148
