0 0.7797513321492007 0.15735567970204842 0.0497335701598579 0.04655493482309125
0 0.8454706927175843 0.22160148975791433 0.03907637655417407 0.0633147113594041
0 0.8783303730017762 0.2849162011173184 0.06927175843694494 0.0595903165735568
0 0.5648312611012434 0.3659217877094972 0.08170515097690942 0.061452513966480445
0 0.20159857904085257 0.41154562383612664 0.06571936056838366 0.0782122905027933
0 0.130550621669627 0.5791433891992551 0.08348134991119005 0.0782122905027933
0 0.7238010657193605 0.5893854748603352 0.07282415630550622 0.09869646182495345
0 0.2761989342806394 0.6973929236499069 0.04085257548845471 0.054003724394785846
0 0.1438721136767318 0.75512104283054 0.06039076376554174 0.05772811918063315
0 0.7930728241563055 0.8091247672253259 0.11190053285968028 0.10986964618249534
