0 0.2522202486678508 0.388268156424581 0.03197158081705151 0.04655493482309125
0 0.36678507992895204 0.4059590316573557 0.047957371225577264 0.040968342644320296
0 0.6323268206039077 0.2132216014897579 0.03197158081705151 0.024208566108007448
0 0.6349911190053286 0.25512104283054005 0.019538188277087035 0.0223463687150838
0 0.6856127886323268 0.28305400372439476 0.017761989342806393 0.0186219739292365
0 0.7548845470692718 0.3361266294227188 0.04262877442273535 0.061452513966480445
0 0.783303730017762 0.40409683426443205 0.02486678507992895 0.037243947858473
0 0.7007104795737122 0.5595903165735568 0.03019538188277087 0.03910614525139665
0 0.7735346358792184 0.5884543761638734 0.023090586145648313 0.048417132216014895
0 0.8241563055062167 0.87243947858473 0.035523978685612786 0.035381750465549346
0 0.17406749555950266 0.7737430167597765 0.02486678507992895 0.03910614525139665
0 0.19538188277087035 0.8361266294227188 0.02486678507992895 0.0446927374301676
0 0.3605683836589698 0.7253258845437617 0.021314387211367674 0.03910614525139665
0 0.413854351687389 0.7243947858472998 0.02486678507992895 0.0446927374301676
0 0.18650088809946713 0.5204841713221602 0.035523978685612786 0.04655493482309125
0 0.2113676731793961 0.48044692737430167 0.021314387211367674 0.0260707635009311
0 0.14564831261101244 0.3240223463687151 0.021314387211367674 0.0186219739292365
0 0.07282415630550622 0.45623836126629425 0.014209591474245116 0.0223463687150838
0 0.2690941385435169 0.0074487895716946 0.03374777975133215 0.0148975791433892
0 0.3872113676731794 0.17597765363128492 0.07815275310834814 0.04283054003724395
