0 0.5106571936056838 0.148975791433892 0.03019538188277087 0.074487895716946
0 0.45204262877442275 0.37243947858473 0.04085257548845471 0.0595903165735568
0 0.17495559502664298 0.425512104283054 0.047957371225577264 0.03165735567970205
0 0.1989342806394316 0.4590316573556797 0.028419182948490232 0.035381750465549346
0 0.29396092362344584 0.6201117318435754 0.037300177619893425 0.0335195530726257
0 0.2069271758436945 0.6378026070763501 0.03374777975133215 0.04283054003724395
0 0.21936056838365897 0.851024208566108 0.04085257548845471 0.0856610800744879
0 0.5479573712255773 0.8240223463687151 0.06216696269982238 0.06517690875232775
0 0.5008880994671403 0.8221601489757915 0.03197158081705151 0.035381750465549346
0 0.3978685612788632 0.866852886405959 0.05328596802841918 0.03165735567970205
0 0.6198934280639432 0.6666666666666666 0.04262877442273535 0.0297951582867784
0 0.6030195381882771 0.4031657355679702 0.0586145648312611 0.05772811918063315
0 0.7735346358792184 0.25139664804469275 0.037300177619893425 0.055865921787709494
0 0.6856127886323268 0.12569832402234637 0.0674955595026643 0.05772811918063315
0 0.8738898756660746 0.5651769087523277 0.02486678507992895 0.03910614525139665
0 0.8197158081705151 0.7662942271880819 0.023090586145648313 0.03910614525139665
0 0.8801065719360568 0.7160148975791434 0.03019538188277087 0.03165735567970205
0 0.8978685612788633 0.6824953445065177 0.05150976909413854 0.035381750465549346
