0 0.31616341030195383 0.24022346368715083 0.07104795737122557 0.0670391061452514
0 0.16074600355239788 0.29329608938547486 0.05150976909413854 0.05772811918063315
0 0.2522202486678508 0.3584729981378026 0.05328596802841918 0.07262569832402235
0 0.40142095914742454 0.5074487895716946 0.07815275310834814 0.035381750465549346
0 0.4502664298401421 0.4376163873370577 0.03019538188277087 0.040968342644320296
0 0.4937833037300178 0.35288640595903165 0.021314387211367674 0.03165735567970205
0 0.5506216696269982 0.36405959031657353 0.02486678507992895 0.035381750465549346
0 0.6154529307282416 0.3649906890130354 0.037300177619893425 0.0223463687150838
0 0.8712255772646537 0.39013035381750466 0.047957371225577264 0.03910614525139665
0 0.5417406749555951 0.5940409683426443 0.03907637655417407 0.040968342644320296
0 0.6687388987566607 0.5931098696461825 0.019538188277087035 0.027932960893854747
0 0.5701598579040853 0.6750465549348231 0.02486678507992895 0.035381750465549346
0 0.3632326820603908 0.8175046554934823 0.047957371225577264 0.055865921787709494
0 0.2522202486678508 0.8547486033519553 0.056838365896980464 0.048417132216014895
0 0.5825932504440497 0.9283054003724395 0.03907637655417407 0.04655493482309125
0 0.19626998223801065 0.8445065176908753 0.023090586145648313 0.020484171322160148
0 0.1438721136767318 0.7243947858472998 0.02486678507992895 0.0335195530726257
0 0.22735346358792186 0.5884543761638734 0.03907637655417407 0.037243947858473
0 0.13143872113676733 0.5521415270018621 0.03197158081705151 0.027932960893854747
0 0.11190053285968028 0.44227188081936686 0.017761989342806393 0.03165735567970205
0 0.12433392539964476 0.3789571694599628 0.028419182948490232 0.027932960893854747
0 0.010657193605683837 0.46741154562383613 0.021314387211367674 0.037243947858473
0 0.019538188277087035 0.36312849162011174 0.03907637655417407 0.037243947858473
