0 0.25044404973357015 0.3472998137802607 0.0674955595026643 0.061452513966480445
0 0.31349911190053287 0.2839851024208566 0.037300177619893425 0.04283054003724395
0 0.3552397868561279 0.3370577281191806 0.02486678507992895 0.0335195530726257
0 0.15630550621669628 0.2877094972067039 0.028419182948490232 0.035381750465549346
0 0.07371225577264653 0.419925512104283 0.02664298401420959 0.027932960893854747
0 0.11456483126110124 0.4376163873370577 0.015985790408525755 0.0260707635009311
0 0.29484902309058614 0.44878957169459965 0.04262877442273535 0.037243947858473
0 0.4769094138543517 0.4292364990689013 0.019538188277087035 0.027932960893854747
0 0.3623445825932504 0.6527001862197392 0.0497335701598579 0.04283054003724395
0 0.28596802841918295 0.6769087523277467 0.03197158081705151 0.03165735567970205
0 0.17495559502664298 0.9888268156424581 0.0586145648312611 0.0186219739292365
0 0.7939609236234458 0.148975791433892 0.035523978685612786 0.0595903165735568
0 0.4920071047957371 0.1266294227188082 0.046181172291296625 0.040968342644320296
0 0.6243339253996447 0.015828677839851025 0.02664298401420959 0.03165735567970205
0 0.22824156305506216 0.0074487895716946 0.037300177619893425 0.0148975791433892
0 0.677619893428064 0.31564245810055863 0.047957371225577264 0.04283054003724395
