0 0.021314387211367674 0.5260707635009311 0.04262877442273535 0.03910614525139665
0 0.2690941385435169 0.4543761638733706 0.037300177619893425 0.0260707635009311
0 0.42362344582593253 0.4366852886405959 0.06927175843694494 0.03910614525139665
0 0.413854351687389 0.7718808193668529 0.06039076376554174 0.03910614525139665
0 0.46181172291296624 0.6517690875232774 0.02486678507992895 0.048417132216014895
0 0.3978685612788632 0.6918063314711359 0.021314387211367674 0.027932960893854747
0 0.5595026642984015 0.22532588454376165 0.035523978685612786 0.0446927374301676
0 0.5337477797513321 0.11266294227188083 0.047957371225577264 0.05772811918063315
0 0.4769094138543517 0.19273743016759776 0.037300177619893425 0.04655493482309125
0 0.6651865008880995 0.10986964618249534 0.07992895204262877 0.0670391061452514
0 0.31261101243339257 0.25605214152700184 0.05328596802841918 0.03910614525139665
0 0.17939609236234458 0.020484171322160148 0.03197158081705151 0.040968342644320296
0 0.1127886323268206 0.17970204841713222 0.03374777975133215 0.03910614525139665
0 0.13854351687388988 0.33426443202979517 0.035523978685612786 0.035381750465549346
0 0.8561278863232682 0.5512104283054003 0.0497335701598579 0.0670391061452514
