0 0.2024866785079929 0.05865921787709497 0.03197158081705151 0.027932960893854747
0 0.2841918294849023 0.2718808193668529 0.046181172291296625 0.055865921787709494
0 0.37921847246891655 0.5418994413407822 0.04085257548845471 0.0521415270018622
0 0.08614564831261101 0.8286778398510242 0.04440497335701599 0.0595903165735568
0 0.2619893428063943 0.7243947858472998 0.023090586145648313 0.0223463687150838
0 0.2655417406749556 0.5716945996275605 0.02664298401420959 0.0260707635009311
0 0.5310834813499112 0.8361266294227188 0.056838365896980464 0.0893854748603352
0 0.7104795737122558 0.9553072625698324 0.035523978685612786 0.048417132216014895
0 0.6438721136767318 0.18063314711359404 0.037300177619893425 0.037243947858473
0 0.7353463587921847 0.11266294227188083 0.03197158081705151 0.03910614525139665
0 0.7015985790408525 0.20949720670391062 0.03197158081705151 0.020484171322160148
0 0.44849023090586143 0.3659217877094972 0.037300177619893425 0.06517690875232775
0 0.38809946714031973 0.43202979515828677 0.02664298401420959 0.0446927374301676
0 0.8969804618117229 0.22625698324022347 0.02486678507992895 0.027932960893854747
0 0.015985790408525755 0.3202979515828678 0.03197158081705151 0.0633147113594041
0 0.7735346358792184 0.3845437616387337 0.037300177619893425 0.035381750465549346
0 0.9289520426287744 0.36312849162011174 0.021314387211367674 0.0297951582867784
0 0.9094138543516874 0.30726256983240224 0.03197158081705151 0.0260707635009311
