0 0.14209591474245115 0.4059590316573557 0.03907637655417407 0.037243947858473
0 0.19626998223801065 0.35195530726256985 0.03374777975133215 0.0223463687150838
0 0.1989342806394316 0.4590316573556797 0.056838365896980464 0.035381750465549346
0 0.19005328596802842 0.5661080074487895 0.02486678507992895 0.0297951582867784
0 0.03996447602131439 0.6824953445065177 0.03019538188277087 0.027932960893854747
0 0.012433392539964476 0.8016759776536313 0.02486678507992895 0.06890130353817504
0 0.2424511545293073 0.7299813780260708 0.03019538188277087 0.0595903165735568
0 0.12788632326820604 0.8687150837988827 0.03907637655417407 0.061452513966480445
0 0.5799289520426287 0.5605214152700186 0.06216696269982238 0.0595903165735568
0 0.6971580817051509 0.5186219739292365 0.02664298401420959 0.05772811918063315
0 0.7051509769094139 0.6350093109869647 0.06394316163410302 0.0521415270018622
0 0.49644760213143874 0.9068901303538175 0.06927175843694494 0.037243947858473
0 0.4822380106571936 0.30446927374301674 0.03374777975133215 0.03165735567970205
0 0.5257548845470693 0.42178770949720673 0.021314387211367674 0.024208566108007448
0 0.35168738898756663 0.21880819366852886 0.010657193605683837 0.024208566108007448
0 0.33747779751332146 0.10521415270018622 0.02486678507992895 0.024208566108007448
0 0.3960923623445826 0.05493482309124767 0.028419182948490232 0.035381750465549346
0 0.7300177619893428 0.17318435754189945 0.021314387211367674 0.0335195530726257
0 0.6669626998223801 0.2905027932960894 0.023090586145648313 0.055865921787709494
0 0.6953818827708703 0.3361266294227188 0.023090586145648313 0.03165735567970205
0 0.9893428063943162 0.7616387337057728 0.017761989342806393 0.055865921787709494
0 0.9520426287744227 0.7718808193668529 0.010657193605683837 0.03910614525139665
0 0.28063943161634103 0.8091247672253259 0.028419182948490232 0.03165735567970205
0 0.3419182948490231 0.7122905027932961 0.015985790408525755 0.03910614525139665
0 0.35968028419182946 0.6163873370577281 0.03019538188277087 0.0223463687150838
