0 0.10923623445825932 0.19646182495344505 0.055062166962699825 0.05772811918063315
0 0.30817051509769094 0.12569832402234637 0.07282415630550622 0.08007448789571694
0 0.31527531083481347 0.010242085661080074 0.03374777975133215 0.020484171322160148
0 0.2682060390763766 0.00558659217877095 0.02486678507992895 0.0111731843575419
0 0.22291296625222023 0.00558659217877095 0.03019538188277087 0.0111731843575419
0 0.8960923623445826 0.547486033519553 0.03019538188277087 0.048417132216014895
0 0.9946714031971581 0.7346368715083799 0.007104795737122558 0.06890130353817504
0 0.6740674955595026 0.6340782122905028 0.04085257548845471 0.024208566108007448
0 0.9698046181172292 0.75512104283054 0.021314387211367674 0.035381750465549346
0 0.48845470692717585 0.2942271880819367 0.02486678507992895 0.048417132216014895
0 0.5150976909413855 0.260707635009311 0.03197158081705151 0.040968342644320296
0 0.35968028419182946 0.21415270018621974 0.05150976909413854 0.0297951582867784
0 0.03019538188277087 0.7309124767225326 0.0497335701598579 0.061452513966480445
0 0.0674955595026643 0.5549348230912476 0.035523978685612786 0.0297951582867784
0 0.10301953818827708 0.4757914338919926 0.02486678507992895 0.03165735567970205
0 0.27175843694493784 0.7560521415270018 0.03197158081705151 0.0521415270018622
0 0.33747779751332146 0.7039106145251397 0.04262877442273535 0.0335195530726257
0 0.391651865008881 0.9050279329608939 0.04085257548845471 0.0335195530726257
