0 0.07815275310834814 0.2541899441340782 0.03197158081705151 0.03165735567970205
0 0.14298401420959148 0.3770949720670391 0.047957371225577264 0.04655493482309125
0 0.5532859680284192 0.3407821229050279 0.037300177619893425 0.0260707635009311
0 0.16074600355239788 0.5884543761638734 0.0763765541740675 0.055865921787709494
0 0.19094138543516873 0.6312849162011173 0.055062166962699825 0.0446927374301676
0 0.44582593250444047 0.7411545623836127 0.0497335701598579 0.040968342644320296
0 0.4706927175843694 0.5493482309124768 0.03197158081705151 0.037243947858473
0 0.2069271758436945 0.7569832402234636 0.03374777975133215 0.035381750465549346
0 0.15008880994671403 0.7867783985102421 0.03019538188277087 0.024208566108007448
0 0.17584369449378331 0.8305400372439479 0.028419182948490232 0.0260707635009311
0 0.2433392539964476 0.8659217877094972 0.028419182948490232 0.037243947858473
0 0.8809946714031972 0.5847299813780261 0.0497335701598579 0.0446927374301676
0 0.977797513321492 0.792364990689013 0.04085257548845471 0.07262569832402235
0 0.5728241563055062 0.6098696461824954 0.03374777975133215 0.035381750465549346
0 0.4103019538188277 0.16573556797020483 0.035523978685612786 0.0521415270018622
0 0.38099467140319715 0.19832402234636873 0.03019538188277087 0.03165735567970205
0 0.477797513321492 0.17597765363128492 0.028419182948490232 0.035381750465549346
0 0.4404973357015986 0.021415270018621976 0.02486678507992895 0.03165735567970205
0 0.5461811722912966 0.024208566108007448 0.019538188277087035 0.0260707635009311
