0 0.23179396092362345 0.31564245810055863 0.06571936056838366 0.09497206703910614
0 0.5497335701598579 0.49162011173184356 0.04440497335701599 0.040968342644320296
0 0.544404973357016 0.5782122905027933 0.037300177619893425 0.04655493482309125
0 0.544404973357016 0.7048417132216015 0.06927175843694494 0.05772811918063315
0 0.19271758436944939 0.5083798882681564 0.03019538188277087 0.0521415270018622
0 0.13321492007104796 0.5884543761638734 0.028419182948490232 0.0670391061452514
0 0.6349911190053286 0.660148975791434 0.02664298401420959 0.03910614525139665
0 0.6953818827708703 0.5875232774674115 0.03374777975133215 0.06517690875232775
0 0.7380106571936057 0.6797020484171322 0.02664298401420959 0.0521415270018622
0 0.8952042628774423 0.5707635009310987 0.028419182948490232 0.04655493482309125
0 0.8987566607460036 0.43575418994413406 0.02486678507992895 0.037243947858473
0 0.9902309058614565 0.74487895716946 0.015985790408525755 0.0595903165735568
0 0.6856127886323268 0.21973929236499068 0.04262877442273535 0.0521415270018622
0 0.43072824156305506 0.16294227188081936 0.03374777975133215 0.035381750465549346
0 0.6989342806394316 0.2951582867783985 0.037300177619893425 0.027932960893854747
0 0.7548845470692718 0.2839851024208566 0.021314387211367674 0.024208566108007448
0 0.61101243339254 0.027932960893854747 0.028419182948490232 0.0297951582867784
