0 0.566607460035524 0.1824953445065177 0.06039076376554174 0.048417132216014895
0 0.5062166962699822 0.1564245810055866 0.03907637655417407 0.0335195530726257
0 0.3285968028419183 0.0074487895716946 0.056838365896980464 0.0148975791433892
0 0.2291296625222025 0.15363128491620112 0.035523978685612786 0.035381750465549346
0 0.023978685612788632 0.4227188081936685 0.03019538188277087 0.0335195530726257
0 0.10923623445825932 0.49534450651769085 0.037300177619893425 0.048417132216014895
0 0.4946714031971581 0.5940409683426443 0.05150976909413854 0.048417132216014895
0 0.9769094138543517 0.749534450651769 0.03907637655417407 0.061452513966480445
0 0.5319715808170515 0.8007448789571695 0.04085257548845471 0.0521415270018622
0 0.8632326820603907 0.441340782122905 0.028419182948490232 0.0446927374301676
0 0.5293072824156305 0.36778398510242083 0.02486678507992895 0.024208566108007448
0 0.4058614564831261 0.6135940409683427 0.04085257548845471 0.027932960893854747
