0 0.24955595026642985 0.00558659217877095 0.03019538188277087 0.0111731843575419
0 0.3650088809946714 0.012104283054003724 0.037300177619893425 0.024208566108007448
0 0.14031971580817051 0.027932960893854747 0.028419182948490232 0.0260707635009311
0 0.6136767317939609 0.05027932960893855 0.02664298401420959 0.0260707635009311
0 0.08170515097690942 0.08100558659217877 0.03907637655417407 0.035381750465549346
0 0.27264653641207814 0.10986964618249534 0.019538188277087035 0.0260707635009311
0 0.37300177619893427 0.1303538175046555 0.017761989342806393 0.0148975791433892
0 0.3747779751332149 0.148975791433892 0.017761989342806393 0.0260707635009311
0 0.34547069271758435 0.15456238361266295 0.03019538188277087 0.0260707635009311
0 0.31527531083481347 0.16666666666666666 0.015985790408525755 0.024208566108007448
0 0.5177619893428064 0.1908752327746741 0.03019538188277087 0.024208566108007448
0 0.29040852575488457 0.23556797020484171 0.09769094138543517 0.08007448789571694
0 0.7895204262877442 0.24581005586592178 0.06927175843694494 0.0521415270018622
0 0.36589698046181174 0.2504655493482309 0.021314387211367674 0.024208566108007448
0 0.2602131438721137 0.28212290502793297 0.019538188277087035 0.01675977653631285
0 0.43783303730017764 0.2839851024208566 0.012433392539964476 0.01675977653631285
0 0.23978685612788633 0.3230912476722533 0.021314387211367674 0.024208566108007448
0 0.35790408525754885 0.3258845437616387 0.03019538188277087 0.0223463687150838
0 0.5701598579040853 0.3500931098696462 0.010657193605683837 0.0186219739292365
0 0.49023090586145646 0.3547486033519553 0.035523978685612786 0.08379888268156424
0 0.3747779751332149 0.388268156424581 0.03197158081705151 0.03910614525139665
0 0.1341030195381883 0.3891992551210428 0.012433392539964476 0.0148975791433892
0 0.1438721136767318 0.3929236499068901 0.014209591474245116 0.0148975791433892
0 0.2424511545293073 0.40409683426443205 0.019538188277087035 0.0223463687150838
0 0.12344582593250444 0.40782122905027934 0.03374777975133215 0.0335195530726257
0 0.2113676731793961 0.41154562383612664 0.028419182948490232 0.0260707635009311
0 0.0586145648312611 0.41247672253258844 0.014209591474245116 0.020484171322160148
0 0.6154529307282416 0.42178770949720673 0.015985790408525755 0.020484171322160148
0 0.5896980461811723 0.4264432029795158 0.017761989342806393 0.0186219739292365
0 0.20071047957371227 0.4376163873370577 0.028419182948490232 0.0297951582867784
0 0.5817051509769094 0.4590316573556797 0.047957371225577264 0.035381750465549346
0 0.14564831261101244 0.4720670391061452 0.03197158081705151 0.05772811918063315
0 0.0719360568383659 0.5074487895716946 0.02664298401420959 0.027932960893854747
0 0.5808170515097691 0.5288640595903166 0.021314387211367674 0.0186219739292365
0 0.17939609236234458 0.5456238361266295 0.03197158081705151 0.0223463687150838
0 0.716696269982238 0.5586592178770949 0.06571936056838366 0.0446927374301676
0 0.9067495559502664 0.568901303538175 0.037300177619893425 0.05027932960893855
0 0.2602131438721137 0.5986964618249534 0.04085257548845471 0.03165735567970205
0 0.13943161634103018 0.6061452513966481 0.015985790408525755 0.03910614525139665
0 0.5941385435168739 0.6080074487895717 0.019538188277087035 0.03165735567970205
0 0.10213143872113677 0.6694599627560521 0.04440497335701599 0.04283054003724395
0 0.8774422735346359 0.6694599627560521 0.03197158081705151 0.03165735567970205
0 0.6003552397868561 0.6964618249534451 0.017761989342806393 0.0335195530726257
0 0.3108348134991119 0.74487895716946 0.017761989342806393 0.0260707635009311
0 0.39520426287744226 0.7756052141527002 0.023090586145648313 0.01675977653631285
0 0.1172291296625222 0.7830540037243948 0.017761989342806393 0.03165735567970205
0 0.019538188277087035 0.8212290502793296 0.03907637655417407 0.037243947858473
0 0.4369449378330373 0.8985102420856611 0.028419182948490232 0.027932960893854747
0 0.3987566607460036 0.904096834264432 0.019538188277087035 0.024208566108007448
0 0.31438721136767317 0.9152700186219739 0.021314387211367674 0.024208566108007448
0 0.738898756660746 0.962756052141527 0.021314387211367674 0.0223463687150838
0 0.2841918294849023 0.9934823091247672 0.021314387211367674 0.00931098696461825
