0 0.4991119005328597 0.01303538175046555 0.03197158081705151 0.0260707635009311
0 0.566607460035524 0.03165735567970205 0.028419182948490232 0.0297951582867784
0 0.633214920071048 0.04189944134078212 0.03374777975133215 0.03165735567970205
0 0.7690941385435168 0.1564245810055866 0.03907637655417407 0.055865921787709494
0 0.5879218472468917 0.2011173184357542 0.03907637655417407 0.040968342644320296
0 0.32326820603907636 0.2048417132216015 0.028419182948490232 0.037243947858473
0 0.6873889875666075 0.2271880819366853 0.04262877442273535 0.0670391061452514
0 0.1483126110124334 0.2309124767225326 0.04085257548845471 0.037243947858473
0 0.2024866785079929 0.2737430167597765 0.035523978685612786 0.0297951582867784
0 0.19715808170515098 0.319366852886406 0.02486678507992895 0.035381750465549346
0 0.7317939609236235 0.33891992551210426 0.035523978685612786 0.037243947858473
0 0.43072824156305506 0.3463687150837989 0.03019538188277087 0.0446927374301676
0 0.10568383658969804 0.3500931098696462 0.037300177619893425 0.0595903165735568
0 0.6651865008880995 0.4301675977653631 0.037300177619893425 0.0446927374301676
0 0.5968028419182948 0.44599627560521415 0.0497335701598579 0.05772811918063315
0 0.2877442273534636 0.462756052141527 0.06394316163410302 0.07262569832402235
0 0.7655417406749556 0.462756052141527 0.03197158081705151 0.061452513966480445
0 0.627886323268206 0.5605214152700186 0.04085257548845471 0.0521415270018622
0 0.10124333925399645 0.6154562383612663 0.04262877442273535 0.03910614525139665
0 0.3197158081705151 0.702048417132216 0.028419182948490232 0.037243947858473
0 0.8845470692717584 0.7067039106145251 0.03197158081705151 0.03910614525139665
0 0.13765541740674955 0.8100558659217877 0.037300177619893425 0.0297951582867784
0 0.216696269982238 0.8556797020484171 0.04262877442273535 0.035381750465549346
