0 0.6154529307282416 0.17783985102420857 0.06216696269982238 0.04283054003724395
0 0.5319715808170515 0.1601489757914339 0.0586145648312611 0.07076350093109869
0 0.7602131438721137 0.14059590316573556 0.0674955595026643 0.04655493482309125
0 0.7149200710479574 0.260707635009311 0.06571936056838366 0.0670391061452514
0 0.6074600355239786 0.3128491620111732 0.04262877442273535 0.048417132216014895
0 0.5523978685612788 0.4655493482309125 0.03907637655417407 0.0782122905027933
0 0.29040852575488457 0.13687150837988826 0.0586145648312611 0.03910614525139665
0 0.1847246891651865 0.22625698324022347 0.06039076376554174 0.08007448789571694
0 0.5639431616341031 0.5484171322160148 0.047957371225577264 0.05027932960893855
0 0.38099467140319715 0.8202979515828678 0.04085257548845471 0.04655493482309125
0 0.16429840142095914 0.7141527001862198 0.02664298401420959 0.04655493482309125
0 0.11456483126110124 0.7532588454376163 0.04440497335701599 0.035381750465549346
0 0.6989342806394316 0.45344506517690875 0.055062166962699825 0.035381750465549346
0 0.9600355239786856 0.6191806331471136 0.03374777975133215 0.035381750465549346
0 0.6651865008880995 0.5549348230912476 0.03019538188277087 0.037243947858473
0 0.5044404973357016 0.48789571694599626 0.04262877442273535 0.037243947858473
0 0.4911190053285968 0.36405959031657353 0.03374777975133215 0.04283054003724395
0 0.4103019538188277 0.2309124767225326 0.035523978685612786 0.0297951582867784
0 0.3996447602131439 0.13500931098696461 0.04262877442273535 0.035381750465549346
0 0.48845470692717585 0.0074487895716946 0.03197158081705151 0.0148975791433892
0 0.46092362344582594 0.05493482309124767 0.03019538188277087 0.035381750465549346
0 0.6207815275310835 0.7942271880819367 0.023090586145648313 0.027932960893854747
0 0.7744227353463587 0.4273743016759777 0.021314387211367674 0.04283054003724395
0 0.8463587921847247 0.3500931098696462 0.019538188277087035 0.0260707635009311
0 0.7939609236234458 0.34543761638733705 0.021314387211367674 0.03165735567970205
0 0.7948490230905861 0.31191806331471134 0.03019538188277087 0.027932960893854747
0 0.16518650088809947 0.9217877094972067 0.035523978685612786 0.040968342644320296
0 0.27175843694493784 0.5400372439478585 0.017761989342806393 0.0148975791433892
0 0.35168738898756663 0.6350093109869647 0.03197158081705151 0.0297951582867784
0 0.46092362344582594 0.574487895716946 0.02664298401420959 0.035381750465549346
0 0.4227353463587922 0.478584729981378 0.021314387211367674 0.0186219739292365
0 0.42628774422735344 0.4515828677839851 0.04262877442273535 0.035381750465549346
0 0.35790408525754885 0.43482309124767227 0.02664298401420959 0.01675977653631285
0 0.22646536412078153 0.44599627560521415 0.02664298401420959 0.027932960893854747
0 0.010657193605683837 0.4376163873370577 0.021314387211367674 0.040968342644320296
0 0.06216696269982238 0.31843575418994413 0.021314387211367674 0.0186219739292365
