0 0.24600355239786856 0.012104283054003724 0.04085257548845471 0.024208566108007448
0 0.327708703374778 0.0148975791433892 0.03374777975133215 0.0297951582867784
0 0.27264653641207814 0.021415270018621976 0.03374777975133215 0.04283054003724395
0 0.4715808170515098 0.04189944134078212 0.047957371225577264 0.054003724394785846
0 0.35968028419182946 0.043761638733705775 0.023090586145648313 0.03165735567970205
0 0.6198934280639432 0.07914338919925512 0.035523978685612786 0.03910614525139665
0 0.39342806394316165 0.16573556797020483 0.0586145648312611 0.055865921787709494
0 0.7344582593250444 0.17690875232774675 0.05150976909413854 0.0670391061452514
0 0.48845470692717585 0.18901303538175046 0.046181172291296625 0.04655493482309125
0 0.3765541740674956 0.22346368715083798 0.04262877442273535 0.048417132216014895
0 0.33481349911190056 0.23649906890130354 0.03019538188277087 0.0297951582867784
0 0.8108348134991119 0.2467411545623836 0.04440497335701599 0.04655493482309125
0 0.7202486678507993 0.3240223463687151 0.055062166962699825 0.037243947858473
0 0.30817051509769094 0.33054003724394787 0.04085257548845471 0.05027932960893855
0 0.522202486678508 0.3463687150837989 0.04262877442273535 0.0446927374301676
0 0.6287744227353463 0.3808193668528864 0.035523978685612786 0.03910614525139665
0 0.4067495559502664 0.3994413407821229 0.02486678507992895 0.035381750465549346
0 0.3108348134991119 0.4506517690875233 0.03907637655417407 0.0297951582867784
0 0.28063943161634103 0.49068901303538176 0.021314387211367674 0.04283054003724395
0 0.5399644760213144 0.5986964618249534 0.03197158081705151 0.054003724394785846
0 0.21492007104795738 0.6108007448789572 0.0497335701598579 0.0595903165735568
0 0.3188277087033748 0.6126629422718808 0.04440497335701599 0.08193668528864059
0 0.17761989342806395 0.6396648044692738 0.028419182948490232 0.05027932960893855
0 0.6607460035523979 0.6471135940409684 0.035523978685612786 0.04655493482309125
0 0.40230905861456484 0.6675977653631285 0.04085257548845471 0.03165735567970205
0 0.31438721136767317 0.707635009310987 0.046181172291296625 0.0335195530726257
0 0.7495559502664298 0.7122905027932961 0.05328596802841918 0.08752327746741155
0 0.3419182948490231 0.7532588454376163 0.06571936056838366 0.054003724394785846
0 0.014209591474245116 0.8119180633147114 0.028419182948490232 0.040968342644320296
0 0.4005328596802842 0.8221601489757915 0.037300177619893425 0.04655493482309125
0 0.7424511545293073 0.8659217877094972 0.0497335701598579 0.0670391061452514
