0 0.46003552397868563 0.012104283054003724 0.035523978685612786 0.024208566108007448
0 0.5213143872113677 0.025139664804469275 0.04085257548845471 0.05027932960893855
0 0.5595026642984015 0.04283054003724395 0.035523978685612786 0.0670391061452514
0 0.6092362344582594 0.05027932960893855 0.028419182948490232 0.048417132216014895
0 0.21847246891651864 0.055865921787709494 0.06039076376554174 0.037243947858473
0 0.6509769094138543 0.056797020484171325 0.03374777975133215 0.04283054003724395
0 0.3738898756660746 0.18994413407821228 0.055062166962699825 0.0446927374301676
0 0.40142095914742454 0.260707635009311 0.04262877442273535 0.040968342644320296
0 0.25932504440497334 0.27281191806331473 0.03907637655417407 0.04283054003724395
0 0.20870337477797513 0.2811918063314711 0.037300177619893425 0.040968342644320296
0 0.5186500888099467 0.31843575418994413 0.035523978685612786 0.0335195530726257
0 0.41207815275310833 0.3333333333333333 0.05328596802841918 0.07076350093109869
0 0.16074600355239788 0.3584729981378026 0.04085257548845471 0.04655493482309125
0 0.5515097690941385 0.38361266294227186 0.037300177619893425 0.0446927374301676
0 0.6793960923623446 0.3854748603351955 0.07992895204262877 0.048417132216014895
0 0.11900532859680284 0.425512104283054 0.046181172291296625 0.04283054003724395
0 0.5550621669626998 0.4478584729981378 0.04440497335701599 0.061452513966480445
0 0.45381882770870335 0.5968342644320298 0.037300177619893425 0.05027932960893855
0 0.13854351687388988 0.62756052141527 0.0497335701598579 0.0670391061452514
0 0.7699822380106572 0.6443202979515829 0.0586145648312611 0.0521415270018622
0 0.7024866785079928 0.6890130353817505 0.06571936056838366 0.055865921787709494
0 0.22824156305506216 0.6908752327746741 0.04085257548845471 0.0335195530726257
0 0.21580817051509768 0.7337057728119181 0.04440497335701599 0.0521415270018622
0 0.1172291296625222 0.7560521415270018 0.04262877442273535 0.0446927374301676
0 0.03463587921847247 0.8258845437616388 0.037300177619893425 0.04283054003724395
0 0.6412078152753108 0.8649906890130353 0.09236234458259325 0.07262569832402235
0 0.5142095914742452 0.8733705772811918 0.05150976909413854 0.0521415270018622
