0 0.3685612788632327 0.00931098696461825 0.07992895204262877 0.0186219739292365
0 0.1216696269982238 0.01303538175046555 0.047957371225577264 0.0260707635009311
0 0.13676731793960922 0.18435754189944134 0.046181172291296625 0.0335195530726257
0 0.5861456483126111 0.22160148975791433 0.06394316163410302 0.055865921787709494
0 0.6483126110124334 0.2644320297951583 0.035523978685612786 0.055865921787709494
0 0.5301953818827708 0.28584729981378026 0.03374777975133215 0.061452513966480445
0 0.4493783303730018 0.36405959031657353 0.03197158081705151 0.03165735567970205
0 0.22202486678507993 0.4338919925512104 0.028419182948490232 0.0297951582867784
0 0.4591474245115453 0.43575418994413406 0.03374777975133215 0.0260707635009311
0 0.5541740674955595 0.43947858472998136 0.035523978685612786 0.0595903165735568
0 0.06571936056838366 0.49813780260707635 0.046181172291296625 0.05772811918063315
0 0.09769094138543517 0.5679702048417132 0.046181172291296625 0.055865921787709494
0 0.5133214920071048 0.7569832402234636 0.0497335701598579 0.04655493482309125
0 0.46714031971580816 0.7756052141527002 0.046181172291296625 0.061452513966480445
0 0.2522202486678508 0.813780260707635 0.046181172291296625 0.0446927374301676
