0 0.40142095914742454 0.11824953445065177 0.03197158081705151 0.04655493482309125
0 0.58348134991119 0.15735567970204842 0.037300177619893425 0.04655493482309125
0 0.6483126110124334 0.1945996275605214 0.046181172291296625 0.04283054003724395
0 0.2033747779751332 0.239292364990689 0.06216696269982238 0.07262569832402235
0 0.3321492007104796 0.33054003724394787 0.046181172291296625 0.04655493482309125
0 0.477797513321492 0.35288640595903165 0.02486678507992895 0.03910614525139665
0 0.7397868561278863 0.36685288640595903 0.05150976909413854 0.055865921787709494
0 0.38543516873889877 0.44599627560521415 0.035523978685612786 0.04283054003724395
0 0.6918294849023091 0.5009310986964618 0.037300177619893425 0.0446927374301676
0 0.052397868561278864 0.5782122905027933 0.04440497335701599 0.04283054003724395
0 0.05772646536412078 0.6163873370577281 0.037300177619893425 0.048417132216014895
0 0.3063943161634103 0.8212290502793296 0.04440497335701599 0.048417132216014895
