0 0.566607460035524 0.020484171322160148 0.035523978685612786 0.0335195530726257
0 0.522202486678508 0.10242085661080075 0.035523978685612786 0.037243947858473
0 0.2655417406749556 0.16387337057728119 0.05150976909413854 0.0521415270018622
0 0.3774422735346359 0.2271880819366853 0.055062166962699825 0.055865921787709494
0 0.8872113676731794 0.2756052141527002 0.03374777975133215 0.0521415270018622
0 0.6589698046181173 0.33798882681564246 0.04262877442273535 0.04283054003724395
0 0.15719360568383658 0.34543761638733705 0.023090586145648313 0.03910614525139665
0 0.6047957371225577 0.38361266294227186 0.037300177619893425 0.040968342644320296
0 0.07726465364120781 0.3929236499068901 0.05150976909413854 0.0446927374301676
0 0.5381882770870338 0.41247672253258844 0.03907637655417407 0.054003724394785846
0 0.15719360568383658 0.43202979515828677 0.023090586145648313 0.0446927374301676
0 0.6509769094138543 0.4338919925512104 0.04085257548845471 0.048417132216014895
0 0.06571936056838366 0.46741154562383613 0.04262877442273535 0.040968342644320296
0 0.7158081705150977 0.46741154562383613 0.03907637655417407 0.040968342644320296
0 0.23357015985790408 0.4692737430167598 0.023090586145648313 0.0297951582867784
0 0.7539964476021315 0.4823091247672253 0.04085257548845471 0.0446927374301676
0 0.1669626998223801 0.49068901303538176 0.035523978685612786 0.024208566108007448
0 0.12966252220248667 0.5027932960893855 0.021314387211367674 0.0297951582867784
0 0.6234458259325044 0.5325884543761639 0.03907637655417407 0.0446927374301676
0 0.43072824156305506 0.5661080074487895 0.02664298401420959 0.037243947858473
0 0.0994671403197158 0.6108007448789572 0.02486678507992895 0.0595903165735568
0 0.5710479573712256 0.6256983240223464 0.04440497335701599 0.0335195530726257
0 0.02575488454706927 0.6675977653631285 0.05150976909413854 0.04283054003724395
0 0.11545293072824156 0.6769087523277467 0.03907637655417407 0.061452513966480445
0 0.7264653641207816 0.6983240223463687 0.03197158081705151 0.0297951582867784
0 0.5124333925399644 0.7132216014897579 0.047957371225577264 0.048417132216014895
0 0.9316163410301954 0.7383612662942272 0.037300177619893425 0.035381750465549346
0 0.27708703374777977 0.7467411545623837 0.03197158081705151 0.0335195530726257
0 0.347246891651865 0.75512104283054 0.023090586145648313 0.03910614525139665
0 0.8783303730017762 0.7681564245810056 0.02664298401420959 0.04655493482309125
0 0.9031971580817052 0.8100558659217877 0.04085257548845471 0.037243947858473
0 0.13854351687388988 0.8128491620111732 0.03197158081705151 0.035381750465549346
0 0.9040852575488455 0.8435754189944135 0.02486678507992895 0.0223463687150838
0 0.3774422735346359 0.8919925512104283 0.07282415630550622 0.055865921787709494
0 0.458259325044405 0.9059590316573557 0.03907637655417407 0.061452513966480445
0 0.7309058614564832 0.9869646182495344 0.0586145648312611 0.0223463687150838
0 0.38898756660746003 0.9897579143389199 0.06039076376554174 0.01675977653631285
