0 0.1891651865008881 0.024208566108007448 0.05150976909413854 0.048417132216014895
0 0.5195381882770871 0.19925512104283055 0.04085257548845471 0.037243947858473
0 0.17229129662522202 0.2085661080074488 0.0497335701598579 0.048417132216014895
0 0.3747779751332149 0.2132216014897579 0.02486678507992895 0.027932960893854747
0 0.6474245115452931 0.25512104283054005 0.037300177619893425 0.048417132216014895
0 0.391651865008881 0.26908752327746743 0.02664298401420959 0.024208566108007448
0 0.5621669626998224 0.2942271880819367 0.019538188277087035 0.0260707635009311
0 0.49822380106571934 0.30819366852886404 0.02664298401420959 0.024208566108007448
0 0.10657193605683836 0.3612662942271881 0.02486678507992895 0.0297951582867784
0 0.5648312611012434 0.3649906890130354 0.0497335701598579 0.0670391061452514
0 0.004440497335701598 0.3985102420856611 0.008880994671403197 0.0335195530726257
0 0.1660746003552398 0.441340782122905 0.04085257548845471 0.0335195530726257
0 0.0053285968028419185 0.5251396648044693 0.010657193605683837 0.040968342644320296
0 0.35968028419182946 0.5484171322160148 0.0586145648312611 0.08007448789571694
0 0.2744227353463588 0.5679702048417132 0.0763765541740675 0.08193668528864059
0 0.6394316163410302 0.5921787709497207 0.02486678507992895 0.0335195530726257
0 0.6678507992895204 0.6256983240223464 0.02486678507992895 0.0297951582867784
0 0.17317939609236235 0.6787709497206704 0.02664298401420959 0.027932960893854747
0 0.6438721136767318 0.6890130353817505 0.02664298401420959 0.0260707635009311
0 0.09236234458259325 0.7402234636871509 0.04262877442273535 0.05027932960893855
0 0.41563055062166965 0.7597765363128491 0.04262877442273535 0.048417132216014895
0 0.22291296625222023 0.7867783985102421 0.019538188277087035 0.035381750465549346
0 0.46536412078152756 0.8389199255121043 0.035523978685612786 0.027932960893854747
