0 0.44404973357015987 0.12104283054003724 0.06039076376554174 0.055865921787709494
0 0.7779751332149201 0.1527001862197393 0.046181172291296625 0.0521415270018622
0 0.25932504440497334 0.17970204841713222 0.06394316163410302 0.04655493482309125
0 0.4147424511545293 0.21415270018621974 0.037300177619893425 0.0297951582867784
0 0.3765541740674956 0.25512104283054005 0.05328596802841918 0.048417132216014895
0 0.46092362344582594 0.3761638733705773 0.047957371225577264 0.040968342644320296
0 0.6687388987566607 0.6927374301675978 0.047957371225577264 0.0297951582867784
0 0.31527531083481347 0.6992551210428305 0.055062166962699825 0.061452513966480445
0 0.6474245115452931 0.7141527001862198 0.03374777975133215 0.03910614525139665
0 0.44760213143872113 0.7597765363128491 0.04262877442273535 0.048417132216014895
0 0.8410301953818827 0.8854748603351955 0.037300177619893425 0.03165735567970205
0 0.29396092362344584 0.9860335195530726 0.055062166962699825 0.024208566108007448
0 0.5408525754884547 0.9823091247672253 0.08348134991119005 0.03165735567970205
