0 0.4715808170515098 0.16387337057728119 0.04440497335701599 0.048417132216014895
0 0.369449378330373 0.2048417132216015 0.0497335701598579 0.040968342644320296
0 0.6429840142095915 0.3054003724394786 0.035523978685612786 0.0335195530726257
0 0.3392539964476021 0.4664804469273743 0.06394316163410302 0.04655493482309125
0 0.8756660746003553 0.5800744878957169 0.04262877442273535 0.04283054003724395
0 0.20781527531083482 0.6070763500931099 0.03197158081705151 0.040968342644320296
0 0.2619893428063943 0.6098696461824954 0.04085257548845471 0.04655493482309125
0 0.46181172291296624 0.6126629422718808 0.046181172291296625 0.055865921787709494
0 0.48134991119005327 0.6694599627560521 0.03197158081705151 0.03910614525139665
0 0.6314387211367674 0.6834264432029795 0.03374777975133215 0.0446927374301676
0 0.31793960923623443 0.6983240223463687 0.04262877442273535 0.0521415270018622
0 0.22735346358792186 0.835195530726257 0.046181172291296625 0.03910614525139665
0 0.5079928952042628 0.9329608938547486 0.06394316163410302 0.0595903165735568
