0 0.28152753108348133 0.15176908752327747 0.05150976909413854 0.04655493482309125
0 0.39431616341030196 0.15921787709497207 0.046181172291296625 0.027932960893854747
0 0.42628774422735344 0.20018621973929238 0.04262877442273535 0.03910614525139665
0 0.7193605683836589 0.2383612662942272 0.05328596802841918 0.09683426443202979
0 0.44316163410301956 0.25232774674115455 0.05150976909413854 0.03165735567970205
0 0.7104795737122558 0.4543761638733706 0.035523978685612786 0.0446927374301676
0 0.1172291296625222 0.5279329608938548 0.03197158081705151 0.035381750465549346
0 0.6998223801065719 0.5698324022346368 0.028419182948490232 0.0521415270018622
0 0.411190053285968 0.6359404096834265 0.06216696269982238 0.04283054003724395
0 0.2246891651865009 0.6461824953445066 0.05150976909413854 0.0521415270018622
0 0.6785079928952042 0.6890130353817505 0.04262877442273535 0.0446927374301676
0 0.5515097690941385 0.7271880819366853 0.047957371225577264 0.054003724394785846
0 0.8730017761989343 0.8426443202979516 0.05150976909413854 0.03165735567970205
0 0.24600355239786856 0.845437616387337 0.037300177619893425 0.0335195530726257
0 0.4511545293072824 0.8696461824953445 0.046181172291296625 0.048417132216014895
0 0.7859680284191829 0.9581005586592178 0.037300177619893425 0.04283054003724395
