0 0.325044404973357 0.08659217877094973 0.02486678507992895 0.03165735567970205
0 0.40142095914742454 0.10242085661080075 0.03197158081705151 0.0297951582867784
0 0.4911190053285968 0.12383612662942271 0.02664298401420959 0.04283054003724395
0 0.3650088809946714 0.15828677839851024 0.03019538188277087 0.0297951582867784
0 0.4937833037300178 0.2774674115456238 0.046181172291296625 0.048417132216014895
0 0.27708703374777977 0.3221601489757914 0.04262877442273535 0.055865921787709494
0 0.5994671403197158 0.48324022346368717 0.06927175843694494 0.10242085661080075
0 0.27708703374777977 0.5242085661080075 0.028419182948490232 0.03165735567970205
0 0.3392539964476021 0.5242085661080075 0.03197158081705151 0.035381750465549346
0 0.09857904085257549 0.5586592178770949 0.03374777975133215 0.0335195530726257
0 0.5248667850799289 0.5837988826815642 0.019538188277087035 0.03165735567970205
0 0.5550621669626998 0.6005586592178771 0.03019538188277087 0.027932960893854747
0 0.2690941385435169 0.6973929236499069 0.023090586145648313 0.03910614525139665
0 0.4911190053285968 0.7029795158286778 0.03019538188277087 0.03165735567970205
0 0.6536412078152753 0.8780260707635009 0.04262877442273535 0.05772811918063315
0 0.6962699822380106 0.9459962756052142 0.03197158081705151 0.037243947858473
0 0.6731793960923623 0.9646182495344506 0.021314387211367674 0.040968342644320296
0 0.6474245115452931 0.9851024208566108 0.03019538188277087 0.0260707635009311
