0 0.49822380106571934 0.08100558659217877 0.047957371225577264 0.035381750465549346
0 0.5053285968028419 0.14990689013035383 0.03019538188277087 0.024208566108007448
0 0.43783303730017764 0.1527001862197393 0.03374777975133215 0.055865921787709494
0 0.13321492007104796 0.16294227188081936 0.03197158081705151 0.03165735567970205
0 0.39431616341030196 0.1685288640595903 0.03907637655417407 0.05772811918063315
0 0.17584369449378331 0.25232774674115455 0.02486678507992895 0.027932960893854747
0 0.023978685612788632 0.3016759776536313 0.04085257548845471 0.037243947858473
0 0.13321492007104796 0.3370577281191806 0.035523978685612786 0.0335195530726257
0 0.40763765541740676 0.46461824953445063 0.03374777975133215 0.04655493482309125
0 0.28685612788632325 0.4925512104283054 0.05150976909413854 0.05772811918063315
0 0.03374777975133215 0.521415270018622 0.0674955595026643 0.1005586592178771
0 0.5905861456483126 0.6378026070763501 0.037300177619893425 0.054003724394785846
0 0.18206039076376554 0.6778398510242085 0.03374777975133215 0.0446927374301676
0 0.5124333925399644 0.8370577281191807 0.04085257548845471 0.04655493482309125
0 0.4422735346358792 0.8491620111731844 0.056838365896980464 0.0335195530726257
0 0.08348134991119005 0.9878957169459963 0.03197158081705151 0.020484171322160148
