0 0.20515097690941386 0.07914338919925512 0.04440497335701599 0.04655493482309125
0 0.4635879218472469 0.09776536312849161 0.056838365896980464 0.07635009310986965
0 0.5648312611012434 0.16759776536312848 0.056838365896980464 0.055865921787709494
0 0.3925399644760213 0.17690875232774675 0.046181172291296625 0.048417132216014895
0 0.6420959147424512 0.19832402234636873 0.06927175843694494 0.04283054003724395
0 0.1261101243339254 0.21508379888268156 0.046181172291296625 0.03910614525139665
0 0.25044404973357015 0.2346368715083799 0.04262877442273535 0.040968342644320296
0 0.06216696269982238 0.2988826815642458 0.03197158081705151 0.04655493482309125
0 0.6172291296625222 0.4171322160148976 0.04440497335701599 0.0521415270018622
0 0.5293072824156305 0.48324022346368717 0.056838365896980464 0.05772811918063315
0 0.6358792184724689 0.48417132216014896 0.046181172291296625 0.037243947858473
0 0.5213143872113677 0.5409683426443203 0.04085257548845471 0.03910614525139665
0 0.23712255772646537 0.5512104283054003 0.037300177619893425 0.040968342644320296
0 0.03197158081705151 0.8370577281191807 0.03907637655417407 0.03910614525139665
