0 0.40408525754884544 0.19366852886405958 0.03374777975133215 0.037243947858473
0 0.11634103019538189 0.21508379888268156 0.03374777975133215 0.04655493482309125
0 0.8516873889875666 0.2383612662942272 0.04440497335701599 0.0521415270018622
0 0.7415630550621669 0.26908752327746743 0.04085257548845471 0.054003724394785846
0 0.8632326820603907 0.2774674115456238 0.04262877442273535 0.048417132216014895
0 0.6891651865008881 0.28677839851024206 0.03907637655417407 0.07076350093109869
0 0.16074600355239788 0.45996275605214154 0.04440497335701599 0.0446927374301676
0 0.7877442273534636 0.5577281191806331 0.06571936056838366 0.09124767225325885
0 0.05772646536412078 0.5800744878957169 0.07282415630550622 0.08379888268156424
0 0.27353463587921845 0.659217877094972 0.02486678507992895 0.055865921787709494
0 0.31527531083481347 0.664804469273743 0.04440497335701599 0.0446927374301676
0 0.11989342806394317 0.750465549348231 0.03374777975133215 0.0595903165735568
0 0.22824156305506216 0.7970204841713222 0.04440497335701599 0.0521415270018622
0 0.10923623445825932 0.8761638733705773 0.037300177619893425 0.04655493482309125
0 0.6039076376554174 0.925512104283054 0.028419182948490232 0.0335195530726257
