0 0.21580817051509768 0.11824953445065177 0.02664298401420959 0.027932960893854747
0 0.5674955595026643 0.18901303538175046 0.012433392539964476 0.027932960893854747
0 0.39520426287744226 0.20577281191806332 0.03374777975133215 0.035381750465549346
0 0.8419182948490231 0.25232774674115455 0.0497335701598579 0.054003724394785846
0 0.36678507992895204 0.26256983240223464 0.037300177619893425 0.048417132216014895
0 0.5781527531083481 0.2802607076350093 0.03019538188277087 0.024208566108007448
0 0.2113676731793961 0.31750465549348234 0.035523978685612786 0.05027932960893855
0 0.7602131438721137 0.4404096834264432 0.028419182948490232 0.024208566108007448
0 0.7877442273534636 0.46741154562383613 0.04440497335701599 0.055865921787709494
0 0.33658969804618116 0.4767225325884544 0.037300177619893425 0.040968342644320296
0 0.08969804618117229 0.5251396648044693 0.02664298401420959 0.0260707635009311
0 0.5035523978685613 0.5726256983240223 0.03374777975133215 0.04655493482309125
0 0.6802841918294849 0.5884543761638734 0.06039076376554174 0.048417132216014895
0 0.4191829484902309 0.6303538175046555 0.06394316163410302 0.04655493482309125
0 0.21758436944937834 0.6378026070763501 0.019538188277087035 0.027932960893854747
0 0.6083481349911191 0.7094972067039106 0.02664298401420959 0.0260707635009311
0 0.6616341030195382 0.7281191806331471 0.023090586145648313 0.0335195530726257
0 0.24866785079928952 0.7849162011173184 0.02486678507992895 0.020484171322160148
0 0.22202486678507993 0.8156424581005587 0.014209591474245116 0.0223463687150838
0 0.7140319715808171 0.839851024208566 0.035523978685612786 0.040968342644320296
0 0.2699822380106572 0.8594040968342644 0.014209591474245116 0.020484171322160148
