0 0.42451154529307283 0.037243947858473 0.021314387211367674 0.0186219739292365
0 0.33481349911190056 0.13500931098696461 0.012433392539964476 0.020484171322160148
0 0.3632326820603908 0.15363128491620112 0.023090586145648313 0.020484171322160148
0 0.40319715808170514 0.15549348230912477 0.02486678507992895 0.024208566108007448
0 0.369449378330373 0.2085661080074488 0.02486678507992895 0.0335195530726257
0 0.4920071047957371 0.24394785847299813 0.028419182948490232 0.0260707635009311
0 0.5603907637655418 0.40409683426443205 0.03374777975133215 0.048417132216014895
0 0.40941385435168737 0.43947858472998136 0.03374777975133215 0.040968342644320296
0 0.40941385435168737 0.5307262569832403 0.03374777975133215 0.048417132216014895
0 0.016873889875666074 0.5363128491620112 0.023090586145648313 0.037243947858473
0 0.6589698046181173 0.547486033519553 0.03197158081705151 0.0335195530726257
0 0.7655417406749556 0.6284916201117319 0.0497335701598579 0.04283054003724395
0 0.08259325044404973 0.6527001862197392 0.023090586145648313 0.027932960893854747
0 0.522202486678508 0.7467411545623837 0.046181172291296625 0.0670391061452514
0 0.4147424511545293 0.7569832402234636 0.04440497335701599 0.03165735567970205
0 0.27175843694493784 0.7746741154562383 0.04262877442273535 0.0521415270018622
0 0.07904085257548846 0.7793296089385475 0.05150976909413854 0.03910614525139665
0 0.09680284191829484 0.8957169459962756 0.037300177619893425 0.0260707635009311
0 0.13587921847246892 0.9171322160148976 0.019538188277087035 0.01303538175046555
0 0.047957371225577264 0.9199255121042831 0.017761989342806393 0.0297951582867784
0 0.3703374777975133 0.9227188081936686 0.037300177619893425 0.05027932960893855
0 0.2353463587921847 0.9720670391061452 0.04440497335701599 0.037243947858473
0 0.5213143872113677 0.9767225325884544 0.03019538188277087 0.027932960893854747
