0 0.007104795737122558 0.025139664804469275 0.014209591474245116 0.03165735567970205
0 0.31261101243339257 0.08007448789571694 0.021314387211367674 0.0335195530726257
0 0.4564831261101243 0.08007448789571694 0.03197158081705151 0.0297951582867784
0 0.283303730017762 0.10800744878957169 0.023090586145648313 0.0297951582867784
0 0.31793960923623443 0.1824953445065177 0.028419182948490232 0.037243947858473
0 0.04085257548845471 0.1945996275605214 0.03907637655417407 0.03910614525139665
0 0.28596802841918295 0.20949720670391062 0.021314387211367674 0.035381750465549346
0 0.18206039076376554 0.2122905027932961 0.03374777975133215 0.0446927374301676
0 0.302841918294849 0.30726256983240224 0.037300177619893425 0.048417132216014895
0 0.25754884547069273 0.3240223463687151 0.03197158081705151 0.0446927374301676
0 0.4351687388987567 0.3659217877094972 0.03197158081705151 0.04283054003724395
0 0.028419182948490232 0.44878957169459965 0.05328596802841918 0.040968342644320296
0 0.12966252220248667 0.46834264432029793 0.046181172291296625 0.04655493482309125
0 0.022202486678507993 0.5782122905027933 0.04085257548845471 0.03165735567970205
0 0.16518650088809947 0.74487895716946 0.04262877442273535 0.0446927374301676
0 0.06039076376554174 0.7960893854748603 0.03907637655417407 0.03910614525139665
0 0.4191829484902309 0.8361266294227188 0.03907637655417407 0.0521415270018622
