0 0.5213143872113677 0.008379888268156424 0.03019538188277087 0.01675977653631285
0 0.5763765541740675 0.1042830540037244 0.023090586145648313 0.0186219739292365
0 0.3259325044404973 0.13221601489757914 0.05150976909413854 0.048417132216014895
0 0.6207815275310835 0.16945996275605213 0.037300177619893425 0.048417132216014895
0 0.32149200710479575 0.1871508379888268 0.03907637655417407 0.04655493482309125
0 0.369449378330373 0.21508379888268156 0.03907637655417407 0.03910614525139665
0 0.436056838365897 0.2709497206703911 0.037300177619893425 0.03910614525139665
0 0.9458259325044405 0.2942271880819367 0.03019538188277087 0.0223463687150838
0 0.8818827708703375 0.3715083798882682 0.019538188277087035 0.03165735567970205
0 0.3046181172291297 0.3789571694599628 0.037300177619893425 0.04283054003724395
0 0.21847246891651864 0.4245810055865922 0.028419182948490232 0.037243947858473
0 0.9147424511545293 0.4292364990689013 0.05328596802841918 0.04655493482309125
0 0.477797513321492 0.441340782122905 0.028419182948490232 0.0297951582867784
0 0.4369449378330373 0.45344506517690875 0.028419182948490232 0.05027932960893855
0 0.7655417406749556 0.4934823091247672 0.02486678507992895 0.0260707635009311
0 0.8614564831261101 0.5074487895716946 0.03907637655417407 0.04283054003724395
0 0.6953818827708703 0.5595903165735568 0.023090586145648313 0.035381750465549346
0 0.21225577264653642 0.5819366852886406 0.03374777975133215 0.03165735567970205
0 0.8188277087033747 0.611731843575419 0.02486678507992895 0.03165735567970205
0 0.08792184724689166 0.6368715083798883 0.06927175843694494 0.07076350093109869
0 0.16873889875666073 0.6378026070763501 0.046181172291296625 0.04283054003724395
0 0.15008880994671403 0.6797020484171322 0.03019538188277087 0.037243947858473
0 0.6740674955595026 0.74487895716946 0.055062166962699825 0.074487895716946
0 0.5239786856127886 0.7569832402234636 0.04262877442273535 0.04283054003724395
0 0.5746003552397868 0.7625698324022346 0.03374777975133215 0.03910614525139665
0 0.7868561278863233 0.7690875232774674 0.035523978685612786 0.040968342644320296
0 0.1882770870337478 0.8864059590316573 0.03197158081705151 0.0297951582867784
0 0.05328596802841918 0.9152700186219739 0.03197158081705151 0.03165735567970205
0 0.6039076376554174 0.9208566108007449 0.035523978685612786 0.054003724394785846
0 0.13676731793960922 0.9245810055865922 0.05328596802841918 0.054003724394785846
0 0.17495559502664298 0.9692737430167597 0.047957371225577264 0.035381750465549346
0 0.5825932504440497 0.9906890130353817 0.0497335701598579 0.0148975791433892
