0 0.008880994671403197 0.05307262569832402 0.017761989342806393 0.054003724394785846
0 0.36589698046181174 0.14152700186219738 0.0674955595026643 0.0521415270018622
0 0.30905861456483125 0.2011173184357542 0.05328596802841918 0.037243947858473
0 0.41563055062166965 0.2011173184357542 0.05328596802841918 0.0670391061452514
0 0.4822380106571936 0.2085661080074488 0.047957371225577264 0.0595903165735568
0 0.2877442273534636 0.2672253258845438 0.046181172291296625 0.05772811918063315
0 0.3827708703374778 0.2718808193668529 0.13676731793960922 0.0595903165735568
0 0.5230905861456483 0.35940409683426444 0.015985790408525755 0.037243947858473
0 0.29307282415630553 0.36312849162011174 0.028419182948490232 0.040968342644320296
0 0.41651865008880995 0.37337057728119183 0.0586145648312611 0.06517690875232775
0 0.33658969804618116 0.3957169459962756 0.04440497335701599 0.06890130353817504
0 0.5648312611012434 0.6108007448789572 0.028419182948490232 0.037243947858473
0 0.5737122557726465 0.7355679702048417 0.02486678507992895 0.0335195530726257
0 0.2291296625222025 0.7597765363128491 0.056838365896980464 0.0670391061452514
0 0.04262877442273535 0.7849162011173184 0.0852575488454707 0.08007448789571694
0 0.4786856127886323 0.7858472998137802 0.05150976909413854 0.0521415270018622
0 0.3117229129662522 0.7914338919925512 0.037300177619893425 0.0335195530726257
0 0.012433392539964476 0.8584729981378026 0.02486678507992895 0.0446927374301676
0 0.2797513321492007 0.9217877094972067 0.07282415630550622 0.048417132216014895
0 0.8730017761989343 0.9748603351955307 0.02664298401420959 0.04655493482309125
