0 0.6181172291296625 0.05307262569832402 0.06394316163410302 0.054003724394785846
0 0.3206039076376554 0.14152700186219738 0.1438721136767318 0.0595903165735568
0 0.10568383658969804 0.14618249534450653 0.06216696269982238 0.05027932960893855
0 0.4991119005328597 0.15083798882681565 0.056838365896980464 0.040968342644320296
0 0.7211367673179396 0.17690875232774675 0.06039076376554174 0.0595903165735568
0 0.3321492007104796 0.24581005586592178 0.06039076376554174 0.08193668528864059
0 0.6154529307282416 0.25232774674115455 0.04440497335701599 0.03165735567970205
0 0.21580817051509768 0.31750465549348234 0.04085257548845471 0.061452513966480445
0 0.6092362344582594 0.3463687150837989 0.0852575488454707 0.07076350093109869
0 0.07460035523978685 0.3994413407821229 0.07815275310834814 0.07635009310986965
0 0.31438721136767317 0.4823091247672253 0.035523978685612786 0.0521415270018622
0 0.13321492007104796 0.6443202979515829 0.046181172291296625 0.0335195530726257
0 0.4911190053285968 0.6443202979515829 0.05150976909413854 0.0521415270018622
0 0.44316163410301956 0.7579143389199255 0.05150976909413854 0.0446927374301676
0 0.7868561278863233 0.8621973929236499 0.0497335701598579 0.040968342644320296
0 0.4573712255772647 0.8687150837988827 0.09769094138543517 0.09869646182495345
0 0.2468916518650089 0.9776536312849162 0.09591474245115453 0.040968342644320296
