0 0.33037300177619894 0.04748603351955307 0.03907637655417407 0.06890130353817504
0 0.5852575488454707 0.14338919925512103 0.11545293072824156 0.1005586592178771
0 0.03019538188277087 0.4236499068901304 0.046181172291296625 0.03910614525139665
0 0.2531083481349911 0.5176908752327747 0.037300177619893425 0.0297951582867784
0 0.30905861456483125 0.5195530726256983 0.014209591474245116 0.0186219739292365
0 0.6820603907637656 0.5409683426443203 0.056838365896980464 0.054003724394785846
0 0.5390763765541741 0.5577281191806331 0.055062166962699825 0.054003724394785846
0 0.38543516873889877 0.5633147113594041 0.02486678507992895 0.020484171322160148
0 0.48134991119005327 0.5996275605214153 0.021314387211367674 0.0297951582867784
0 0.37921847246891655 0.6256983240223464 0.03019538188277087 0.0782122905027933
0 0.46003552397868563 0.6266294227188082 0.028419182948490232 0.024208566108007448
0 0.19182948490230906 0.6657355679702048 0.07460035523978685 0.08379888268156424
0 0.48845470692717585 0.6741154562383612 0.028419182948490232 0.0335195530726257
0 0.5204262877442274 0.6787709497206704 0.017761989342806393 0.027932960893854747
0 0.4564831261101243 0.7420856610800745 0.035523978685612786 0.05027932960893855
0 0.5390763765541741 0.7998137802607076 0.047957371225577264 0.07635009310986965
