0 0.34458259325044405 0.03165735567970205 0.0674955595026643 0.0633147113594041
0 0.6660746003552398 0.05307262569832402 0.04262877442273535 0.05027932960893855
0 0.3650088809946714 0.0782122905027933 0.04440497335701599 0.0446927374301676
0 0.019538188277087035 0.09217877094972067 0.03907637655417407 0.06517690875232775
0 0.3241563055062167 0.1945996275605214 0.047957371225577264 0.04283054003724395
0 0.43161634103019536 0.21042830540037244 0.07460035523978685 0.074487895716946
0 0.35079928952042627 0.21601489757914338 0.04085257548845471 0.0446927374301676
0 0.25932504440497334 0.2942271880819367 0.035523978685612786 0.0223463687150838
0 0.5044404973357016 0.29702048417132215 0.03907637655417407 0.04655493482309125
0 0.34902309058614567 0.4292364990689013 0.02664298401420959 0.03165735567970205
0 0.3747779751332149 0.44972067039106145 0.03907637655417407 0.03165735567970205
0 0.9191829484902309 0.44972067039106145 0.03374777975133215 0.05027932960893855
0 0.38099467140319715 0.5065176908752328 0.02664298401420959 0.0223463687150838
0 0.4591474245115453 0.5353817504655494 0.03019538188277087 0.04655493482309125
0 0.3765541740674956 0.61731843575419 0.07815275310834814 0.06517690875232775
0 0.6731793960923623 0.6219739292364991 0.07460035523978685 0.1005586592178771
0 0.8294849023090586 0.633147113594041 0.0674955595026643 0.0893854748603352
0 0.9920071047957372 0.6797020484171322 0.012433392539964476 0.0297951582867784
0 0.052397868561278864 0.7392923649906891 0.04085257548845471 0.048417132216014895
0 0.1980461811722913 0.7988826815642458 0.015985790408525755 0.0186219739292365
0 0.3925399644760213 0.9013035381750466 0.0497335701598579 0.0521415270018622
0 0.10923623445825932 0.904096834264432 0.019538188277087035 0.020484171322160148
0 0.2531083481349911 0.9301675977653632 0.12255772646536411 0.07262569832402235
