0 0.3241563055062167 0.027001862197392923 0.047957371225577264 0.054003724394785846
0 0.6536412078152753 0.06424581005586592 0.046181172291296625 0.054003724394785846
0 0.9538188277087034 0.11824953445065177 0.04262877442273535 0.054003724394785846
0 0.9786856127886323 0.186219739292365 0.03907637655417407 0.040968342644320296
0 0.24866785079928952 0.21973929236499068 0.046181172291296625 0.0670391061452514
0 0.31438721136767317 0.27932960893854747 0.05328596802841918 0.074487895716946
0 0.38010657193605685 0.3426443202979516 0.0497335701598579 0.0521415270018622
0 0.5452930728241563 0.37988826815642457 0.035523978685612786 0.055865921787709494
0 0.6234458259325044 0.37988826815642457 0.056838365896980464 0.074487895716946
0 0.2522202486678508 0.5037243947858473 0.028419182948490232 0.05027932960893855
0 0.40763765541740676 0.515828677839851 0.02664298401420959 0.0670391061452514
0 0.9564831261101243 0.6638733705772812 0.08348134991119005 0.11731843575418995
0 0.13676731793960922 0.6824953445065177 0.05328596802841918 0.09869646182495345
0 0.44493783303730017 0.6983240223463687 0.03019538188277087 0.037243947858473
0 0.20071047957371227 0.7337057728119181 0.0497335701598579 0.0521415270018622
0 0.6003552397868561 0.7960893854748603 0.056838365896980464 0.05027932960893855
