0 0.47957371225577267 0.00558659217877095 0.05328596802841918 0.0111731843575419
0 0.1936056838365897 0.019553072625698324 0.04262877442273535 0.03910614525139665
0 0.5488454706927176 0.04748603351955307 0.05328596802841918 0.05772811918063315
0 0.6269982238010657 0.08659217877094973 0.07815275310834814 0.04655493482309125
0 0.022202486678507993 0.10521415270018622 0.04440497335701599 0.08379888268156424
0 0.35968028419182946 0.18435754189944134 0.02664298401420959 0.0335195530726257
0 0.46536412078152756 0.2579143389199255 0.046181172291296625 0.035381750465549346
0 0.5355239786856127 0.3016759776536313 0.02664298401420959 0.0446927374301676
0 0.6438721136767318 0.39013035381750466 0.047957371225577264 0.07635009310986965
0 0.1172291296625222 0.48044692737430167 0.056838365896980464 0.0670391061452514
0 0.2886323268206039 0.5698324022346368 0.047957371225577264 0.0893854748603352
0 0.08969804618117229 0.9152700186219739 0.055062166962699825 0.09124767225325885
