0 0.31616341030195383 0.0148975791433892 0.0674955595026643 0.0297951582867784
0 0.22646536412078153 0.01303538175046555 0.07992895204262877 0.0260707635009311
0 0.4351687388987567 0.04189944134078212 0.12788632326820604 0.08379888268156424
0 0.566607460035524 0.15921787709497207 0.0674955595026643 0.06890130353817504
0 0.3774422735346359 0.2085661080074488 0.047957371225577264 0.037243947858473
0 0.33481349911190056 0.27932960893854747 0.03374777975133215 0.037243947858473
0 0.2033747779751332 0.29608938547486036 0.03374777975133215 0.0633147113594041
0 0.28152753108348133 0.4227188081936685 0.0941385435168739 0.074487895716946
0 0.3197158081705151 0.4581005586592179 0.056838365896980464 0.040968342644320296
0 0.40852575488454707 0.4618249534450652 0.035523978685612786 0.0521415270018622
0 0.37921847246891655 0.5297951582867784 0.03019538188277087 0.035381750465549346
0 0.8188277087033747 0.5716945996275605 0.04262877442273535 0.074487895716946
0 0.33037300177619894 0.5772811918063314 0.04262877442273535 0.037243947858473
0 0.18561278863232683 0.5865921787709497 0.03374777975133215 0.0595903165735568
0 0.2690941385435169 0.7430167597765364 0.02664298401420959 0.0446927374301676
0 0.48046181172291297 0.7672253258845437 0.06571936056838366 0.0446927374301676
0 0.8880994671403197 0.8845437616387337 0.07460035523978685 0.0856610800744879
0 0.43072824156305506 0.8873370577281192 0.03019538188277087 0.04655493482309125
0 0.49822380106571934 0.9031657355679702 0.06571936056838366 0.048417132216014895
