0 0.3960923623445826 0.0148975791433892 0.03197158081705151 0.0297951582867784
0 0.43872113676731794 0.015828677839851025 0.056838365896980464 0.03165735567970205
0 0.5870337477797514 0.04283054003724395 0.055062166962699825 0.0856610800744879
0 0.017761989342806393 0.1266294227188082 0.035523978685612786 0.0856610800744879
0 0.1269982238010657 0.18994413407821228 0.04440497335701599 0.037243947858473
0 0.7229129662522202 0.3128491620111732 0.06394316163410302 0.0595903165735568
0 0.2984014209591474 0.319366852886406 0.028419182948490232 0.04655493482309125
0 0.23801065719360567 0.3575418994413408 0.06039076376554174 0.0633147113594041
0 0.5808170515097691 0.4143389199255121 0.035523978685612786 0.03165735567970205
0 0.3188277087033748 0.42830540037243947 0.06216696269982238 0.11173184357541899
0 0.49644760213143874 0.5 0.037300177619893425 0.054003724394785846
0 0.5959147424511545 0.5018621973929237 0.037300177619893425 0.035381750465549346
0 0.22380106571936056 0.5353817504655494 0.06039076376554174 0.07635009310986965
0 0.2673179396092362 0.5363128491620112 0.047957371225577264 0.0521415270018622
0 0.7584369449378331 0.5716945996275605 0.06394316163410302 0.0856610800744879
0 0.3650088809946714 0.5837988826815642 0.06571936056838366 0.061452513966480445
0 0.20426287744227353 0.6052141527001862 0.03907637655417407 0.055865921787709494
0 0.5959147424511545 0.6145251396648045 0.055062166962699825 0.0782122905027933
0 0.5364120781527532 0.6973929236499069 0.046181172291296625 0.054003724394785846
0 0.8197158081705151 0.7299813780260708 0.04085257548845471 0.0670391061452514
0 0.22291296625222023 0.7625698324022346 0.06571936056838366 0.05772811918063315
0 0.3428063943161634 0.8091247672253259 0.03907637655417407 0.054003724394785846
0 0.566607460035524 0.8230912476722533 0.09591474245115453 0.0633147113594041
0 0.8818827708703375 0.8333333333333334 0.04440497335701599 0.05027932960893855
0 0.6785079928952042 0.8528864059590316 0.046181172291296625 0.0670391061452514
0 0.7238010657193605 0.8705772811918063 0.019538188277087035 0.05027932960893855
0 0.3872113676731794 0.8789571694599627 0.0497335701598579 0.0633147113594041
0 0.19626998223801065 0.8985102420856611 0.055062166962699825 0.08379888268156424
0 0.11811722912966252 0.9702048417132216 0.06216696269982238 0.040968342644320296
0 0.8579040852575488 0.9804469273743017 0.0497335701598579 0.035381750465549346
