0 0.7140319715808171 0.11359404096834265 0.046181172291296625 0.0633147113594041
0 0.45204262877442275 0.12569832402234637 0.05150976909413854 0.05772811918063315
0 0.1349911190053286 0.3165735567970205 0.07460035523978685 0.055865921787709494
0 0.4866785079928952 0.35288640595903165 0.0497335701598579 0.054003724394785846
0 0.7193605683836589 0.3780260707635009 0.03907637655417407 0.0595903165735568
0 0.458259325044405 0.4450651769087523 0.06394316163410302 0.07076350093109869
0 0.8703374777975134 0.45623836126629425 0.06394316163410302 0.040968342644320296
0 0.06660746003552398 0.5065176908752328 0.04440497335701599 0.0446927374301676
0 0.22824156305506216 0.5288640595903166 0.047957371225577264 0.07076350093109869
0 0.7779751332149201 0.6396648044692738 0.046181172291296625 0.061452513966480445
0 0.544404973357016 0.7048417132216015 0.06216696269982238 0.054003724394785846
0 0.4849023090586146 0.7225325884543762 0.0497335701598579 0.0521415270018622
0 0.3685612788632327 0.7318435754189944 0.10124333925399645 0.1154562383612663
0 0.015985790408525755 0.750465549348231 0.03197158081705151 0.1601489757914339
