0 0.6172291296625222 0.10148975791433892 0.07282415630550622 0.07635009310986965
0 0.35257548845470693 0.15549348230912477 0.047957371225577264 0.06890130353817504
0 0.16429840142095914 0.17970204841713222 0.15452930728241562 0.08379888268156424
0 0.25488454706927177 0.260707635009311 0.0586145648312611 0.0521415270018622
0 0.35968028419182946 0.39106145251396646 0.037300177619893425 0.037243947858473
0 0.8836589698046181 0.39757914338919925 0.055062166962699825 0.06890130353817504
0 0.5133214920071048 0.4264432029795158 0.04262877442273535 0.055865921787709494
0 0.283303730017762 0.44878957169459965 0.04440497335701599 0.0521415270018622
0 0.21314387211367672 0.5279329608938548 0.09236234458259325 0.12476722532588454
0 0.37300177619893427 0.5623836126629422 0.09236234458259325 0.08193668528864059
0 0.39342806394316165 0.6675977653631285 0.037300177619893425 0.061452513966480445
0 0.7744227353463587 0.6685288640595903 0.06039076376554174 0.0893854748603352
0 0.38010657193605685 0.7327746741154563 0.0497335701598579 0.05772811918063315
0 0.7175843694493783 0.8696461824953445 0.0497335701598579 0.055865921787709494
0 0.3259325044404973 0.9171322160148976 0.12966252220248667 0.06890130353817504
0 0.7984014209591475 0.9432029795158287 0.04440497335701599 0.04655493482309125
