0 0.5515097690941385 0.0148975791433892 0.04085257548845471 0.0297951582867784
0 0.40230905861456484 0.13314711359404097 0.04085257548845471 0.04655493482309125
0 0.5319715808170515 0.16573556797020483 0.04440497335701599 0.037243947858473
0 0.25754884547069273 0.27281191806331473 0.02486678507992895 0.024208566108007448
0 0.69449378330373 0.3026070763500931 0.03907637655417407 0.04655493482309125
0 0.3321492007104796 0.3249534450651769 0.06039076376554174 0.054003724394785846
0 0.3552397868561279 0.3919925512104283 0.07104795737122557 0.035381750465549346
0 0.5195381882770871 0.40037243947858475 0.03374777975133215 0.0297951582867784
0 0.5541740674955595 0.41154562383612664 0.035523978685612786 0.0521415270018622
0 0.5763765541740675 0.5242085661080075 0.037300177619893425 0.054003724394785846
0 0.325044404973357 0.5260707635009311 0.06394316163410302 0.06517690875232775
0 0.06039076376554174 0.5968342644320298 0.07104795737122557 0.09869646182495345
0 0.45293072824156305 0.5968342644320298 0.08880994671403197 0.08752327746741155
0 0.12344582593250444 0.6080074487895717 0.02664298401420959 0.04655493482309125
0 0.40142095914742454 0.6266294227188082 0.04262877442273535 0.061452513966480445
0 0.2602131438721137 0.6564245810055865 0.03374777975133215 0.04655493482309125
0 0.18206039076376554 0.680633147113594 0.07282415630550622 0.05027932960893855
0 0.5017761989342806 0.7169459962756052 0.02664298401420959 0.048417132216014895
0 0.5479573712255773 0.7700186219739292 0.037300177619893425 0.05027932960893855
0 0.33126110124333924 0.7849162011173184 0.06216696269982238 0.08007448789571694
0 0.8756660746003553 0.8035381750465549 0.028419182948490232 0.035381750465549346
0 0.3552397868561279 0.8845437616387337 0.08170515097690942 0.0595903165735568
0 0.46536412078152756 0.9823091247672253 0.046181172291296625 0.03165735567970205
