0 0.6998223801065719 0.020484171322160148 0.0497335701598579 0.040968342644320296
0 0.30106571936056836 0.11731843575418995 0.05150976909413854 0.07076350093109869
0 0.3632326820603908 0.1564245810055866 0.047957371225577264 0.0521415270018622
0 0.22380106571936056 0.19366852886405958 0.0674955595026643 0.1005586592178771
0 0.4849023090586146 0.22905027932960895 0.03907637655417407 0.0521415270018622
0 0.5239786856127886 0.22905027932960895 0.035523978685612786 0.0297951582867784
0 0.3845470692717584 0.2635009310986965 0.0763765541740675 0.035381750465549346
0 0.9476021314387212 0.4543761638733706 0.047957371225577264 0.048417132216014895
0 0.5612788632326821 0.5223463687150838 0.02486678507992895 0.061452513966480445
0 0.6403197158081705 0.5344506517690876 0.047957371225577264 0.055865921787709494
0 0.9467140319715808 0.5763500931098696 0.046181172291296625 0.07262569832402235
0 0.15364120781527532 0.611731843575419 0.06216696269982238 0.06517690875232775
0 0.49644760213143874 0.7188081936685289 0.10479573712255773 0.08193668528864059
0 0.38987566607460034 0.7262569832402235 0.02664298401420959 0.040968342644320296
0 0.27353463587921845 0.8221601489757915 0.035523978685612786 0.04283054003724395
0 0.9200710479573713 0.8538175046554934 0.056838365896980464 0.054003724394785846
0 0.2202486678507993 0.8761638733705773 0.0497335701598579 0.05027932960893855
0 0.7131438721136767 0.9338919925512105 0.09769094138543517 0.08379888268156424
