0 0.27087033747779754 0.010242085661080074 0.023090586145648313 0.020484171322160148
0 0.21936056838365897 0.01675977653631285 0.02664298401420959 0.0335195530726257
0 0.5053285968028419 0.05307262569832402 0.06216696269982238 0.061452513966480445
0 0.8605683836589698 0.07914338919925512 0.023090586145648313 0.035381750465549346
0 0.019538188277087035 0.09497206703910614 0.017761989342806393 0.0148975791433892
0 0.3428063943161634 0.18808193668528864 0.05328596802841918 0.048417132216014895
0 0.4227353463587922 0.2206703910614525 0.05328596802841918 0.07635009310986965
0 0.8330373001776199 0.2504655493482309 0.028419182948490232 0.035381750465549346
0 0.4049733570159858 0.3016759776536313 0.017761989342806393 0.0223463687150838
0 0.5879218472468917 0.33891992551210426 0.035523978685612786 0.0595903165735568
0 0.2841918294849023 0.3500931098696462 0.017761989342806393 0.0297951582867784
0 0.19094138543516873 0.3649906890130354 0.02664298401420959 0.0260707635009311
0 0.605683836589698 0.40782122905027934 0.021314387211367674 0.0148975791433892
0 0.004440497335701598 0.4404096834264432 0.008880994671403197 0.035381750465549346
0 0.7895204262877442 0.44692737430167595 0.03374777975133215 0.037243947858473
0 0.12522202486678508 0.4543761638733706 0.019538188277087035 0.048417132216014895
0 0.04440497335701599 0.5027932960893855 0.04262877442273535 0.048417132216014895
0 0.3339253996447602 0.5074487895716946 0.08880994671403197 0.08752327746741155
0 0.7015985790408525 0.5400372439478585 0.04262877442273535 0.09683426443202979
0 0.8312611012433393 0.542830540037244 0.021314387211367674 0.04283054003724395
0 0.43960923623445824 0.5810055865921788 0.015985790408525755 0.0223463687150838
0 0.866785079928952 0.5865921787709497 0.02486678507992895 0.0335195530726257
0 0.5710479573712256 0.6080074487895717 0.012433392539964476 0.01675977653631285
0 0.783303730017762 0.6089385474860335 0.010657193605683837 0.0111731843575419
0 0.5373001776198935 0.6210428305400373 0.023090586145648313 0.035381750465549346
0 0.627886323268206 0.6610800744878957 0.008880994671403197 0.0111731843575419
0 0.15719360568383658 0.6945996275605214 0.012433392539964476 0.0186219739292365
0 0.37921847246891655 0.6955307262569832 0.019538188277087035 0.01675977653631285
0 0.1172291296625222 0.7057728119180633 0.017761989342806393 0.0446927374301676
0 0.5550621669626998 0.7420856610800745 0.012433392539964476 0.01675977653631285
0 0.15808170515097691 0.750465549348231 0.017761989342806393 0.0297951582867784
0 0.8170515097690941 0.7560521415270018 0.014209591474245116 0.0111731843575419
0 0.5417406749555951 0.7672253258845437 0.017761989342806393 0.0186219739292365
0 0.4769094138543517 0.7783985102420856 0.015985790408525755 0.0186219739292365
0 0.6376554174067496 0.7886405959031657 0.03907637655417407 0.08007448789571694
0 0.7433392539964476 0.8156424581005587 0.008880994671403197 0.0074487895716946
0 0.018650088809946713 0.8184357541899442 0.037300177619893425 0.07262569832402235
0 0.9174067495559503 0.8202979515828678 0.012433392539964476 0.01303538175046555
0 0.34991119005328597 0.8938547486033519 0.010657193605683837 0.0186219739292365
0 0.5150976909413855 0.9087523277467412 0.03197158081705151 0.0223463687150838
0 0.413854351687389 0.9292364990689013 0.010657193605683837 0.0111731843575419
0 0.4849023090586146 0.9795158286778398 0.014209591474245116 0.0186219739292365
0 0.7744227353463587 0.984171322160149 0.03907637655417407 0.027932960893854747
