0 0.29928952042628776 0.0148975791433892 0.04085257548845471 0.0297951582867784
0 0.3969804618117229 0.0148975791433892 0.08348134991119005 0.0297951582867784
0 0.21847246891651864 0.015828677839851025 0.03907637655417407 0.03165735567970205
0 0.3419182948490231 0.16294227188081936 0.13321492007104796 0.09497206703910614
0 0.5044404973357016 0.18994413407821228 0.03197158081705151 0.037243947858473
0 0.5772646536412078 0.2048417132216015 0.035523978685612786 0.0670391061452514
0 0.19715808170515098 0.23277467411545624 0.03197158081705151 0.055865921787709494
0 0.4547069271758437 0.239292364990689 0.056838365896980464 0.035381750465549346
0 0.5941385435168739 0.3026070763500931 0.037300177619893425 0.03910614525139665
0 0.9866785079928952 0.30819366852886404 0.023090586145648313 0.04283054003724395
0 0.4920071047957371 0.31471135940409684 0.07104795737122557 0.055865921787709494
0 0.35968028419182946 0.3268156424581006 0.047957371225577264 0.07635009310986965
0 0.7468916518650088 0.3575418994413408 0.04085257548845471 0.0446927374301676
0 0.40852575488454707 0.43109869646182497 0.035523978685612786 0.061452513966480445
0 0.6865008880994672 0.43947858472998136 0.04440497335701599 0.0446927374301676
0 0.011545293072824156 0.44972067039106145 0.023090586145648313 0.061452513966480445
0 0.19182948490230906 0.4581005586592179 0.03907637655417407 0.040968342644320296
0 0.14120781527531084 0.4618249534450652 0.04440497335701599 0.048417132216014895
0 0.6021314387211367 0.6536312849162011 0.035523978685612786 0.08193668528864059
0 0.035523978685612786 0.7467411545623837 0.046181172291296625 0.0335195530726257
0 0.30017761989342806 0.7830540037243948 0.0994671403197158 0.061452513966480445
0 0.3783303730017762 0.8659217877094972 0.0852575488454707 0.14152700186219738
0 0.5515097690941385 0.9711359404096834 0.037300177619893425 0.054003724394785846
0 0.16873889875666073 0.9878957169459963 0.05328596802841918 0.020484171322160148
