0 0.5257548845470693 0.19925512104283055 0.0497335701598579 0.048417132216014895
0 0.7984014209591475 0.26536312849162014 0.03374777975133215 0.05027932960893855
0 0.16163410301953818 0.42178770949720673 0.03907637655417407 0.04655493482309125
0 0.28685612788632325 0.43202979515828677 0.03374777975133215 0.0633147113594041
0 0.2344582593250444 0.4366852886405959 0.04262877442273535 0.08379888268156424
0 0.04706927175843695 0.4655493482309125 0.04085257548845471 0.048417132216014895
0 0.16341030195381884 0.4795158286778399 0.04262877442273535 0.035381750465549346
0 0.30817051509769094 0.5446927374301676 0.03019538188277087 0.05027932960893855
0 0.6252220248667851 0.5968342644320298 0.06039076376554174 0.06890130353817504
0 0.5257548845470693 0.6499068901303539 0.04262877442273535 0.0633147113594041
0 0.13232682060390763 0.6797020484171322 0.05150976909413854 0.048417132216014895
0 0.8454706927175843 0.7337057728119181 0.03907637655417407 0.0521415270018622
0 0.06927175843694494 0.9162011173184358 0.05328596802841918 0.0633147113594041
