0 0.06127886323268206 0.008379888268156424 0.037300177619893425 0.01675977653631285
0 0.4067495559502664 0.15456238361266295 0.035523978685612786 0.0260707635009311
0 0.1891651865008881 0.21880819366852886 0.04085257548845471 0.03910614525139665
0 0.5976909413854352 0.2309124767225326 0.06927175843694494 0.055865921787709494
0 0.02575488454706927 0.24487895716945995 0.037300177619893425 0.035381750465549346
0 0.2966252220248668 0.27932960893854747 0.017761989342806393 0.0297951582867784
0 0.3641207815275311 0.30446927374301674 0.03197158081705151 0.027932960893854747
0 0.19005328596802842 0.32774674115456237 0.046181172291296625 0.0595903165735568
0 0.6394316163410302 0.33798882681564246 0.03907637655417407 0.04655493482309125
0 0.3197158081705151 0.3547486033519553 0.028419182948490232 0.03165735567970205
0 0.10568383658969804 0.3845437616387337 0.037300177619893425 0.054003724394785846
0 0.8987566607460036 0.39385474860335196 0.12788632326820604 0.10986964618249534
0 0.6802841918294849 0.40875232774674114 0.0497335701598579 0.10986964618249534
0 0.3099467140319716 0.43947858472998136 0.055062166962699825 0.08193668528864059
0 0.13765541740674955 0.547486033519553 0.047957371225577264 0.0521415270018622
0 0.9049733570159858 0.5670391061452514 0.09769094138543517 0.09124767225325885
0 0.40763765541740676 0.5716945996275605 0.019538188277087035 0.0446927374301676
0 0.6394316163410302 0.5763500931098696 0.03907637655417407 0.035381750465549346
0 0.023978685612788632 0.659217877094972 0.047957371225577264 0.1005586592178771
0 0.7309058614564832 0.7011173184357542 0.04440497335701599 0.035381750465549346
0 0.45381882770870335 0.7337057728119181 0.03019538188277087 0.0446927374301676
0 0.10568383658969804 0.7458100558659218 0.06216696269982238 0.07635009310986965
0 0.5657193605683837 0.7607076350093109 0.10479573712255773 0.10614525139664804
0 0.44316163410301956 0.7914338919925512 0.02664298401420959 0.037243947858473
0 0.8117229129662522 0.8631284916201117 0.05328596802841918 0.054003724394785846
0 0.17673179396092362 0.87243947858473 0.06216696269982238 0.054003724394785846
0 0.0763765541740675 0.9804469273743017 0.07460035523978685 0.035381750465549346
0 0.6216696269982238 0.9851024208566108 0.056838365896980464 0.0260707635009311
