0 0.37122557726465366 0.021415270018621976 0.035523978685612786 0.04283054003724395
0 0.06660746003552398 0.06517690875232775 0.037300177619893425 0.055865921787709494
0 0.49733570159857904 0.24487895716945995 0.03907637655417407 0.035381750465549346
0 0.4049733570159858 0.25884543761638734 0.0674955595026643 0.0521415270018622
0 0.19182948490230906 0.3258845437616387 0.046181172291296625 0.040968342644320296
0 0.48401420959147423 0.3538175046554935 0.02664298401420959 0.0595903165735568
0 0.0541740674955595 0.3854748603351955 0.055062166962699825 0.0297951582867784
0 0.4573712255772647 0.505586592178771 0.03019538188277087 0.04283054003724395
0 0.06838365896980461 0.6080074487895717 0.03374777975133215 0.04655493482309125
0 0.2744227353463588 0.6350093109869647 0.05150976909413854 0.0446927374301676
0 0.37921847246891655 0.6368715083798883 0.03019538188277087 0.0297951582867784
0 0.6616341030195382 0.6629422718808193 0.04440497335701599 0.040968342644320296
0 0.22380106571936056 0.7113594040968343 0.021314387211367674 0.048417132216014895
0 0.10301953818827708 0.9757914338919925 0.03197158081705151 0.0446927374301676
