0 0.4626998223801066 0.0111731843575419 0.0763765541740675 0.0223463687150838
0 0.40852575488454707 0.0446927374301676 0.056838365896980464 0.07076350093109869
0 0.6092362344582594 0.05493482309124767 0.08880994671403197 0.05772811918063315
0 0.6953818827708703 0.07076350093109869 0.06571936056838366 0.09683426443202979
0 0.3428063943161634 0.09497206703910614 0.03197158081705151 0.07076350093109869
0 0.17939609236234458 0.20577281191806332 0.03907637655417407 0.061452513966480445
0 0.39431616341030196 0.21042830540037244 0.0852575488454707 0.10800744878957169
0 0.8534635879218473 0.319366852886406 0.055062166962699825 0.07262569832402235
0 0.14298401420959148 0.4264432029795158 0.037300177619893425 0.0446927374301676
0 0.8969804618117229 0.4301675977653631 0.07460035523978685 0.0782122905027933
0 0.13321492007104796 0.5037243947858473 0.0497335701598579 0.054003724394785846
0 0.5896980461811723 0.5437616387337058 0.11012433392539965 0.1378026070763501
0 0.04706927175843695 0.5484171322160148 0.0586145648312611 0.05772811918063315
0 0.4706927175843694 0.611731843575419 0.0497335701598579 0.05772811918063315
0 0.10568383658969804 0.6769087523277467 0.07992895204262877 0.08007448789571694
0 0.21847246891651864 0.6815642458100558 0.04262877442273535 0.0521415270018622
0 0.4547069271758437 0.6815642458100558 0.04262877442273535 0.037243947858473
0 0.3632326820603908 0.7094972067039106 0.047957371225577264 0.055865921787709494
0 0.130550621669627 0.770949720670391 0.037300177619893425 0.0595903165735568
0 0.2921847246891652 0.7830540037243948 0.05150976909413854 0.04283054003724395
0 0.043516873889875664 0.7914338919925512 0.08703374777975133 0.12290502793296089
0 0.49644760213143874 0.8891992551210428 0.0586145648312611 0.054003724394785846
0 0.4626998223801066 0.9748603351955307 0.05150976909413854 0.04655493482309125
