0 0.023978685612788632 0.22811918063314712 0.047957371225577264 0.09497206703910614
0 0.3641207815275311 0.3994413407821229 0.06394316163410302 0.07635009310986965
0 0.4822380106571936 0.5223463687150838 0.0586145648312611 0.07635009310986965
0 0.6438721136767318 0.547486033519553 0.05150976909413854 0.1154562383612663
0 0.23712255772646537 0.5670391061452514 0.03374777975133215 0.054003724394785846
0 0.9058614564831261 0.6499068901303539 0.05328596802841918 0.08193668528864059
0 0.5923623445825933 0.7914338919925512 0.14031971580817051 0.09683426443202979
0 0.21225577264653642 0.8212290502793296 0.04440497335701599 0.0521415270018622
0 0.8259325044404974 0.8798882681564246 0.03907637655417407 0.06890130353817504
0 0.011545293072824156 0.8854748603351955 0.023090586145648313 0.13221601489757914
0 0.6261101243339254 0.9832402234636871 0.07992895204262877 0.0297951582867784
