0 0.6154529307282416 0.037243947858473 0.05150976909413854 0.0595903165735568
0 0.6873889875666075 0.1005586592178771 0.06394316163410302 0.08193668528864059
0 0.3987566607460036 0.24581005586592178 0.1261101243339254 0.08193668528864059
0 0.7868561278863233 0.31098696461824954 0.03907637655417407 0.048417132216014895
0 0.7095914742451155 0.3268156424581006 0.06216696269982238 0.07635009310986965
0 0.4564831261101243 0.3538175046554935 0.05328596802841918 0.055865921787709494
0 0.8774422735346359 0.4860335195530726 0.035523978685612786 0.0595903165735568
0 0.4564831261101243 0.5111731843575419 0.02486678507992895 0.03910614525139665
0 0.6598579040852576 0.5260707635009311 0.03374777975133215 0.07635009310986965
0 0.28596802841918295 0.5484171322160148 0.06039076376554174 0.054003724394785846
0 0.07460035523978685 0.5791433891992551 0.05328596802841918 0.0633147113594041
0 0.8543516873889876 0.6014897579143389 0.12788632326820604 0.0893854748603352
0 0.35168738898756663 0.6694599627560521 0.03197158081705151 0.05772811918063315
0 0.5142095914742452 0.6797020484171322 0.04440497335701599 0.048417132216014895
0 0.13143872113676733 0.7895716945996276 0.0497335701598579 0.07076350093109869
0 0.04440497335701599 0.9022346368715084 0.08170515097690942 0.06517690875232775
