0 0.6847246891651865 0.06424581005586592 0.0905861456483126 0.05772811918063315
0 0.4191829484902309 0.13687150837988826 0.07460035523978685 0.06890130353817504
0 0.6358792184724689 0.15083798882681565 0.0674955595026643 0.0521415270018622
0 0.5985790408525755 0.22625698324022347 0.07815275310834814 0.061452513966480445
0 0.7699822380106572 0.25977653631284914 0.03374777975133215 0.06517690875232775
0 0.3907637655417407 0.26629422718808193 0.028419182948490232 0.0595903165735568
0 0.7824156305506217 0.36312849162011174 0.0586145648312611 0.055865921787709494
0 0.0994671403197158 0.38268156424581007 0.07815275310834814 0.06890130353817504
0 0.5168738898756661 0.39385474860335196 0.056838365896980464 0.04655493482309125
0 0.9547069271758437 0.41899441340782123 0.047957371225577264 0.0670391061452514
0 0.8703374777975134 0.4972067039106145 0.021314387211367674 0.074487895716946
0 0.8490230905861457 0.5093109869646183 0.03197158081705151 0.05027932960893855
0 0.16962699822380106 0.5139664804469274 0.04085257548845471 0.0595903165735568
0 0.5284191829484902 0.6182495344506518 0.047957371225577264 0.048417132216014895
0 0.25843694493783304 0.6536312849162011 0.047957371225577264 0.048417132216014895
0 0.8143872113676732 0.6554934823091247 0.03374777975133215 0.037243947858473
0 0.07104795737122557 0.6638733705772812 0.046181172291296625 0.07262569832402235
0 0.40408525754884544 0.6787709497206704 0.04440497335701599 0.03910614525139665
0 0.436056838365897 0.6815642458100558 0.037300177619893425 0.040968342644320296
0 0.1172291296625222 0.7867783985102421 0.0497335701598579 0.08752327746741155
0 0.2984014209591474 0.8212290502793296 0.046181172291296625 0.0521415270018622
0 0.7904085257548845 0.8240223463687151 0.056838365896980464 0.06517690875232775
0 0.047957371225577264 0.8445065176908753 0.0674955595026643 0.061452513966480445
0 0.2673179396092362 0.8836126629422719 0.0763765541740675 0.09124767225325885
0 0.48401420959147423 0.8836126629422719 0.04440497335701599 0.05772811918063315
0 0.05150976909413854 0.9404096834264432 0.05328596802841918 0.048417132216014895
0 0.011545293072824156 0.9757914338919925 0.023090586145648313 0.0446927374301676
0 0.8099467140319716 0.978584729981378 0.0497335701598579 0.03910614525139665
