0 0.3978685612788632 0.22439478584729983 0.06039076376554174 0.05772811918063315
0 0.5488454706927176 0.30446927374301674 0.04262877442273535 0.04283054003724395
0 0.19271758436944939 0.31750465549348234 0.04085257548845471 0.05027932960893855
0 0.7690941385435168 0.329608938547486 0.06394316163410302 0.074487895716946
0 0.38898756660746003 0.39385474860335196 0.06039076376554174 0.061452513966480445
0 0.8481349911190054 0.49906890130353815 0.06216696269982238 0.0521415270018622
0 0.4911190053285968 0.5065176908752328 0.04085257548845471 0.0446927374301676
0 0.5408525754884547 0.6294227188081937 0.055062166962699825 0.0595903165735568
0 0.8197158081705151 0.7160148975791434 0.047957371225577264 0.05772811918063315
0 0.8303730017761989 0.8035381750465549 0.03019538188277087 0.04283054003724395
0 0.21847246891651864 0.8445065176908753 0.046181172291296625 0.05027932960893855
