0 0.2824156305506217 0.0148975791433892 0.07104795737122557 0.0297951582867784
0 0.3641207815275311 0.017690875232774673 0.08880994671403197 0.035381750465549346
0 0.6598579040852576 0.1191806331471136 0.08703374777975133 0.055865921787709494
0 0.42628774422735344 0.25232774674115455 0.11012433392539965 0.09869646182495345
0 0.327708703374778 0.26908752327746743 0.03374777975133215 0.04655493482309125
0 0.3206039076376554 0.38733705772811916 0.0941385435168739 0.1154562383612663
0 0.655417406749556 0.5307262569832403 0.09591474245115453 0.0856610800744879
0 0.8960923623445826 0.5540037243947858 0.055062166962699825 0.06517690875232775
0 0.4404973357015986 0.5819366852886406 0.0497335701598579 0.04655493482309125
0 0.004440497335701598 0.6229050279329609 0.008880994671403197 0.054003724394785846
0 0.25932504440497334 0.633147113594041 0.06039076376554174 0.0670391061452514
0 0.5968028419182948 0.6582867783985102 0.0852575488454707 0.09124767225325885
0 0.2655417406749556 0.7458100558659218 0.05150976909413854 0.05027932960893855
0 0.3703374777975133 0.8575418994413407 0.03374777975133215 0.04655493482309125
0 0.015097690941385435 0.8752327746741154 0.03019538188277087 0.0670391061452514
0 0.24600355239786856 0.8845437616387337 0.03374777975133215 0.040968342644320296
0 0.1802841918294849 0.9497206703910615 0.04440497335701599 0.055865921787709494
0 0.23357015985790408 0.9636871508379888 0.04440497335701599 0.06517690875232775
