0 0.02486678507992895 0.074487895716946 0.0497335701598579 0.148975791433892
0 0.4911190053285968 0.11173184357541899 0.037300177619893425 0.037243947858473
0 0.35346358792184723 0.18901303538175046 0.07460035523978685 0.054003724394785846
0 0.32149200710479575 0.3324022346368715 0.017761989342806393 0.03165735567970205
0 0.20870337477797513 0.34450651769087526 0.06571936056838366 0.0670391061452514
0 0.7486678507992895 0.35195530726256985 0.02664298401420959 0.040968342644320296
0 0.5053285968028419 0.3547486033519553 0.02664298401420959 0.04283054003724395
0 0.5772646536412078 0.3985102420856611 0.04262877442273535 0.0521415270018622
0 0.5301953818827708 0.4068901303538175 0.03374777975133215 0.05027932960893855
0 0.4724689165186501 0.44599627560521415 0.028419182948490232 0.03165735567970205
0 0.5577264653641207 0.47392923649906893 0.03907637655417407 0.054003724394785846
0 0.3623445825932504 0.48324022346368717 0.03197158081705151 0.035381750465549346
0 0.0053285968028419185 0.4925512104283054 0.010657193605683837 0.04283054003724395
0 0.3108348134991119 0.5325884543761639 0.056838365896980464 0.0782122905027933
0 0.04085257548845471 0.6573556797020484 0.06039076376554174 0.08193668528864059
0 0.2690941385435169 0.6815642458100558 0.07992895204262877 0.09683426443202979
0 0.5088809946714032 0.7085661080074488 0.02664298401420959 0.05027932960893855
0 0.5772646536412078 0.7262569832402235 0.035523978685612786 0.0446927374301676
0 0.6012433392539964 0.7392923649906891 0.03374777975133215 0.037243947858473
0 0.4626998223801066 0.7849162011173184 0.055062166962699825 0.04655493482309125
0 0.8285968028419183 0.7867783985102421 0.07992895204262877 0.06517690875232775
