0 0.40142095914742454 0.024208566108007448 0.07460035523978685 0.048417132216014895
0 0.1447602131438721 0.1191806331471136 0.07992895204262877 0.1005586592178771
0 0.7744227353463587 0.12942271880819367 0.09591474245115453 0.09497206703910614
0 0.347246891651865 0.14432029795158285 0.11900532859680284 0.12476722532588454
0 0.05950266429840142 0.20763500931098697 0.0941385435168739 0.09124767225325885
0 0.26287744227353466 0.2849162011173184 0.0497335701598579 0.048417132216014895
0 0.6234458259325044 0.3361266294227188 0.04262877442273535 0.06890130353817504
0 0.8170515097690941 0.3361266294227188 0.056838365896980464 0.06890130353817504
0 0.1811722912966252 0.3789571694599628 0.046181172291296625 0.05027932960893855
0 0.8419182948490231 0.4404096834264432 0.035523978685612786 0.06517690875232775
0 0.7158081705150977 0.6703910614525139 0.03197158081705151 0.0670391061452514
0 0.046181172291296625 0.7327746741154563 0.06039076376554174 0.08752327746741155
0 0.6296625222024866 0.9357541899441341 0.06927175843694494 0.08379888268156424
