0 0.7131438721136767 0.11359404096834265 0.0905861456483126 0.0633147113594041
0 0.80550621669627 0.1713221601489758 0.03374777975133215 0.048417132216014895
0 0.3605683836589698 0.5912476722532588 0.10301953818827708 0.08752327746741155
0 0.2522202486678508 0.3957169459962756 0.08880994671403197 0.05772811918063315
0 0.2975133214920071 0.47392923649906893 0.047957371225577264 0.03165735567970205
0 0.8525754884547069 0.7309124767225326 0.0497335701598579 0.05027932960893855
0 0.8587921847246892 0.9702048417132216 0.023090586145648313 0.040968342644320296
0 0.347246891651865 0.839851024208566 0.06216696269982238 0.040968342644320296
0 0.30017761989342806 0.7625698324022346 0.07460035523978685 0.07262569832402235
0 0.10124333925399645 0.7867783985102421 0.07104795737122557 0.04283054003724395
0 0.03818827708703375 0.5847299813780261 0.047957371225577264 0.040968342644320296
0 0.10124333925399645 0.6052141527001862 0.04262877442273535 0.0223463687150838
0 0.14564831261101244 0.5418994413407822 0.035523978685612786 0.0297951582867784
0 0.009769094138543518 0.10148975791433892 0.019538188277087035 0.05027932960893855
0 0.20515097690941386 0.23184357541899442 0.06571936056838366 0.061452513966480445
0 0.3774422735346359 0.20018621973929238 0.02664298401420959 0.03165735567970205
