0 0.5186500888099467 0.015828677839851025 0.046181172291296625 0.03165735567970205
0 0.5275310834813499 0.09124767225325885 0.056838365896980464 0.0856610800744879
0 0.8872113676731794 0.5381750465549349 0.04440497335701599 0.0782122905027933
0 0.849911190053286 0.7458100558659218 0.04440497335701599 0.05027932960893855
0 0.6731793960923623 0.9832402234636871 0.09591474245115453 0.0297951582867784
0 0.09591474245115453 0.9888268156424581 0.1349911190053286 0.0186219739292365
0 0.2211367673179396 0.749534450651769 0.07992895204262877 0.09124767225325885
0 0.4289520426287744 0.7523277467411545 0.06927175843694494 0.048417132216014895
0 0.33481349911190056 0.3919925512104283 0.06927175843694494 0.03910614525139665
0 0.31616341030195383 0.4301675977653631 0.06039076376554174 0.0521415270018622
0 0.20515097690941386 0.6284916201117319 0.0586145648312611 0.04655493482309125
0 0.391651865008881 0.5865921787709497 0.06571936056838366 0.0633147113594041
0 0.5373001776198935 0.6973929236499069 0.0586145648312611 0.054003724394785846
0 0.32948490230905864 0.012104283054003724 0.05150976909413854 0.024208566108007448
