0 0.31616341030195383 0.0074487895716946 0.0497335701598579 0.0148975791433892
0 0.8268206039076377 0.2048417132216015 0.04440497335701599 0.037243947858473
0 0.44493783303730017 0.2811918063314711 0.06571936056838366 0.037243947858473
0 0.5470692717584369 0.31191806331471134 0.02486678507992895 0.035381750465549346
0 0.8685612788632326 0.478584729981378 0.07815275310834814 0.1527001862197393
0 0.5497335701598579 0.5521415270018621 0.02664298401420959 0.05772811918063315
0 0.1705150976909414 0.7970204841713222 0.09236234458259325 0.1452513966480447
0 0.4422735346358792 0.909683426443203 0.021314387211367674 0.04655493482309125
0 0.37211367673179396 0.9124767225325885 0.04440497335701599 0.055865921787709494
0 0.20959147424511546 0.9590316573556797 0.03907637655417407 0.0446927374301676
