0 0.04085257548845471 0.9916201117318436 0.08170515097690942 0.01303538175046555
0 0.1172291296625222 0.6312849162011173 0.035523978685612786 0.0297951582867784
0 0.017761989342806393 0.6527001862197392 0.035523978685612786 0.03165735567970205
0 0.38809946714031973 0.4962756052141527 0.06571936056838366 0.08752327746741155
0 0.2468916518650089 0.22905027932960895 0.03197158081705151 0.0595903165735568
0 0.3383658969804618 0.34916201117318435 0.0763765541740675 0.03165735567970205
0 0.5595026642984015 0.0186219739292365 0.03907637655417407 0.037243947858473
0 0.6385435168738899 0.41899441340782123 0.04440497335701599 0.040968342644320296
0 0.5461811722912966 0.6108007448789572 0.06571936056838366 0.0856610800744879
0 0.4857904085257549 0.351024208566108 0.02664298401420959 0.04283054003724395
0 0.22380106571936056 0.7411545623836127 0.05328596802841918 0.055865921787709494
0 0.2344582593250444 0.8342644320297952 0.08170515097690942 0.048417132216014895
0 0.45204262877442275 0.7513966480446927 0.037300177619893425 0.04655493482309125
0 0.46092362344582594 0.8519553072625698 0.03374777975133215 0.035381750465549346
0 0.7806394316163411 0.8817504655493482 0.04440497335701599 0.04655493482309125
0 0.8268206039076377 0.7867783985102421 0.04440497335701599 0.06890130353817504
0 0.8685612788632326 0.3407821229050279 0.021314387211367674 0.0297951582867784
0 0.12966252220248667 0.9292364990689013 0.02486678507992895 0.0223463687150838
