0 0.5621669626998224 0.5484171322160148 0.06927175843694494 0.061452513966480445
0 0.5523978685612788 0.505586592178771 0.035523978685612786 0.03165735567970205
0 0.436056838365897 0.7197392923649907 0.037300177619893425 0.04283054003724395
0 0.3827708703374778 0.6638733705772812 0.037300177619893425 0.027932960893854747
0 0.5683836589698046 0.6880819366852886 0.028419182948490232 0.027932960893854747
0 0.02575488454706927 0.3165735567970205 0.04085257548845471 0.0297951582867784
0 0.1483126110124334 0.35940409683426444 0.04440497335701599 0.037243947858473
0 0.29040852575488457 0.3016759776536313 0.047957371225577264 0.040968342644320296
0 0.31261101243339257 0.2849162011173184 0.04262877442273535 0.0335195530726257
0 0.35701598579040855 0.4962756052141527 0.035523978685612786 0.035381750465549346
0 0.4573712255772647 0.4264432029795158 0.015985790408525755 0.0223463687150838
0 0.5053285968028419 0.4366852886405959 0.023090586145648313 0.04283054003724395
0 0.5301953818827708 0.34916201117318435 0.04440497335701599 0.03910614525139665
0 0.8330373001776199 0.9115456238361266 0.07460035523978685 0.03165735567970205
0 0.9085257548845471 0.6908752327746741 0.019538188277087035 0.0260707635009311
0 0.1936056838365897 0.9934823091247672 0.03197158081705151 0.00931098696461825
0 0.0541740674955595 0.06052141527001862 0.019538188277087035 0.03165735567970205
0 0.15364120781527532 0.1340782122905028 0.023090586145648313 0.0335195530726257
0 0.06571936056838366 0.5586592178770949 0.028419182948490232 0.0335195530726257
0 0.0497335701598579 0.6191806331471136 0.02486678507992895 0.03910614525139665
0 0.21580817051509768 0.6703910614525139 0.03019538188277087 0.037243947858473
