0 0.433392539964476 0.04283054003724395 0.0497335701598579 0.0856610800744879
0 0.34458259325044405 0.3026070763500931 0.06039076376554174 0.08007448789571694
0 0.6474245115452931 0.8770949720670391 0.03019538188277087 0.037243947858473
0 0.8285968028419183 0.9804469273743017 0.03374777975133215 0.035381750465549346
0 0.8872113676731794 0.31564245810055863 0.03374777975133215 0.05772811918063315
0 0.6314387211367674 0.18063314711359404 0.019538188277087035 0.037243947858473
0 0.5532859680284192 0.25605214152700184 0.04440497335701599 0.05027932960893855
0 0.13943161634103018 0.6108007448789572 0.055062166962699825 0.040968342644320296
0 0.08170515097690942 0.5223463687150838 0.021314387211367674 0.035381750465549346
0 0.02575488454706927 0.8789571694599627 0.019538188277087035 0.040968342644320296
0 0.5497335701598579 0.6471135940409684 0.04440497335701599 0.027932960893854747
0 0.411190053285968 0.7001862197392924 0.03019538188277087 0.037243947858473
0 0.20515097690941386 0.5502793296089385 0.03019538188277087 0.03910614525139665
0 0.0852575488454707 0.43109869646182497 0.03907637655417407 0.04283054003724395
0 0.16785079928952043 0.3919925512104283 0.03374777975133215 0.020484171322160148
0 0.30905861456483125 0.5409683426443203 0.02486678507992895 0.027932960893854747
