0 0.6003552397868561 0.04748603351955307 0.06394316163410302 0.04655493482309125
0 0.05150976909413854 0.04003724394785847 0.05328596802841918 0.08007448789571694
0 0.07726465364120781 0.0260707635009311 0.06216696269982238 0.0521415270018622
0 0.6012433392539964 0.4543761638733706 0.03019538188277087 0.040968342644320296
0 0.6074600355239786 0.39013035381750466 0.035523978685612786 0.035381750465549346
0 0.3703374777975133 0.24487895716945995 0.03374777975133215 0.03910614525139665
0 0.2477797513321492 0.5977653631284916 0.019538188277087035 0.0335195530726257
0 0.12344582593250444 0.6731843575418994 0.055062166962699825 0.03165735567970205
0 0.6793960923623446 0.9757914338919925 0.047957371225577264 0.0446927374301676
0 0.44404973357015987 0.8445065176908753 0.03907637655417407 0.04283054003724395
0 0.32326820603907636 0.8919925512104283 0.03197158081705151 0.040968342644320296
0 0.7948490230905861 0.8733705772811918 0.03019538188277087 0.037243947858473
0 0.8774422735346359 0.5186219739292365 0.035523978685612786 0.04283054003724395
