0 0.015097690941385435 0.13687150837988826 0.03019538188277087 0.06517690875232775
0 0.1349911190053286 0.21508379888268156 0.02486678507992895 0.020484171322160148
0 0.40408525754884544 0.14059590316573556 0.023090586145648313 0.020484171322160148
0 0.18206039076376554 0.31564245810055863 0.023090586145648313 0.00931098696461825
0 0.22735346358792186 0.24487895716945995 0.03907637655417407 0.027932960893854747
0 0.019538188277087035 0.8063314711359404 0.02486678507992895 0.048417132216014895
0 0.3756660746003552 0.5446927374301676 0.02664298401420959 0.027932960893854747
0 0.391651865008881 0.62756052141527 0.03374777975133215 0.0186219739292365
0 0.11989342806394317 0.6471135940409684 0.023090586145648313 0.027932960893854747
0 0.4058614564831261 0.7197392923649907 0.023090586145648313 0.024208566108007448
0 0.3383658969804618 0.8649906890130353 0.023090586145648313 0.024208566108007448
