0 0.1802841918294849 0.2942271880819367 0.03019538188277087 0.0297951582867784
0 0.34458259325044405 0.39106145251396646 0.017761989342806393 0.0297951582867784
0 0.3037300177619893 0.49162011173184356 0.021314387211367674 0.0260707635009311
0 0.37921847246891655 0.5297951582867784 0.03019538188277087 0.020484171322160148
0 0.1989342806394316 0.5875232774674115 0.035523978685612786 0.05027932960893855
0 0.3285968028419183 0.5912476722532588 0.02486678507992895 0.04283054003724395
0 0.007104795737122558 0.5931098696461825 0.014209591474245116 0.09869646182495345
0 0.7238010657193605 0.5949720670391061 0.03019538188277087 0.05027932960893855
0 0.25843694493783304 0.6191806331471136 0.023090586145648313 0.03165735567970205
0 0.4769094138543517 0.6238361266294227 0.015985790408525755 0.0595903165735568
0 0.31616341030195383 0.6722532588454376 0.02486678507992895 0.0446927374301676
0 0.46802841918294846 0.7392923649906891 0.019538188277087035 0.0297951582867784
0 0.37921847246891655 0.750465549348231 0.012433392539964476 0.0297951582867784
0 0.18294849023090587 0.7737430167597765 0.03197158081705151 0.03165735567970205
0 0.6349911190053286 0.8752327746741154 0.03019538188277087 0.0335195530726257
0 0.6918294849023091 0.8891992551210428 0.023090586145648313 0.03165735567970205
0 0.8685612788632326 0.9031657355679702 0.028419182948490232 0.0223463687150838
