0 0.43872113676731794 0.39013035381750466 0.03907637655417407 0.04655493482309125
0 0.5337477797513321 0.5251396648044693 0.03374777975133215 0.0260707635009311
0 0.29307282415630553 0.5577281191806331 0.017761989342806393 0.03910614525139665
0 0.5150976909413855 0.7476722532588455 0.035523978685612786 0.04283054003724395
0 0.4547069271758437 0.7597765363128491 0.03197158081705151 0.0297951582867784
0 0.413854351687389 0.7318435754189944 0.028419182948490232 0.0335195530726257
0 0.38809946714031973 0.6713221601489758 0.019538188277087035 0.03165735567970205
0 0.40142095914742454 0.664804469273743 0.021314387211367674 0.0297951582867784
0 0.44849023090586143 0.8929236499068901 0.015985790408525755 0.03910614525139665
0 0.6980461811722913 0.5521415270018621 0.02486678507992895 0.03165735567970205
0 0.6252220248667851 0.4823091247672253 0.021314387211367674 0.0297951582867784
0 0.6127886323268206 0.6080074487895717 0.014209591474245116 0.027932960893854747
0 0.5328596802841918 0.0111731843575419 0.06394316163410302 0.0223463687150838
0 0.6918294849023091 0.0595903165735568 0.05150976909413854 0.048417132216014895
0 0.7486678507992895 0.26908752327746743 0.03374777975133215 0.03910614525139665
0 0.8019538188277087 0.40875232774674114 0.012433392539964476 0.04283054003724395
0 0.7992895204262878 0.46461824953445063 0.017761989342806393 0.01675977653631285
0 0.24600355239786856 0.4171322160148976 0.012433392539964476 0.0260707635009311
0 0.06927175843694494 0.5418994413407822 0.035523978685612786 0.037243947858473
0 0.056838365896980464 0.45623836126629425 0.021314387211367674 0.0223463687150838
0 0.2468916518650089 0.5828677839851024 0.028419182948490232 0.0297951582867784
0 0.6216696269982238 0.7067039106145251 0.03197158081705151 0.035381750465549346
0 0.37921847246891655 0.33519553072625696 0.03019538188277087 0.0446927374301676
0 0.3543516873889876 0.0260707635009311 0.019538188277087035 0.0260707635009311
0 0.2468916518650089 0.05772811918063315 0.028419182948490232 0.040968342644320296
0 0.15541740674955595 0.8919925512104283 0.037300177619893425 0.040968342644320296
0 0.2602131438721137 0.23184357541899442 0.015985790408525755 0.03165735567970205
0 0.5985790408525755 0.008379888268156424 0.02486678507992895 0.01675977653631285
