0 0.7051509769094139 0.030726256983240222 0.0674955595026643 0.04655493482309125
0 0.8836589698046181 0.06517690875232775 0.04440497335701599 0.0595903165735568
0 0.21403197158081705 0.22905027932960895 0.04440497335701599 0.0335195530726257
0 0.14742451154529307 0.5586592178770949 0.035523978685612786 0.048417132216014895
0 0.2673179396092362 0.7476722532588455 0.055062166962699825 0.04283054003724395
0 0.8081705150976909 0.8566108007448789 0.07815275310834814 0.0931098696461825
0 0.03907637655417407 0.9115456238361266 0.03907637655417407 0.054003724394785846
0 0.6625222024866785 0.9515828677839852 0.06039076376554174 0.0446927374301676
0 0.6625222024866785 0.9823091247672253 0.06039076376554174 0.03165735567970205
0 0.20959147424511546 0.9916201117318436 0.028419182948490232 0.01303538175046555
