0 0.023978685612788632 0.017690875232774673 0.047957371225577264 0.035381750465549346
0 0.7220248667850799 0.08193668528864059 0.06571936056838366 0.0633147113594041
0 0.7380106571936057 0.12756052141527002 0.047957371225577264 0.035381750465549346
0 0.7087033747779752 0.16666666666666666 0.056838365896980464 0.04655493482309125
0 0.4573712255772647 0.3370577281191806 0.06216696269982238 0.0893854748603352
0 0.9031971580817052 0.4236499068901304 0.0905861456483126 0.08379888268156424
0 0.11900532859680284 0.43947858472998136 0.06039076376554174 0.0782122905027933
0 0.4733570159857904 0.4934823091247672 0.037300177619893425 0.037243947858473
0 0.35701598579040855 0.5577281191806331 0.07104795737122557 0.09124767225325885
0 0.11456483126110124 0.5865921787709497 0.03374777975133215 0.037243947858473
0 0.011545293072824156 0.9515828677839852 0.023090586145648313 0.0521415270018622
0 0.5905861456483126 0.962756052141527 0.0941385435168739 0.07076350093109869
0 0.10301953818827708 0.9804469273743017 0.06039076376554174 0.035381750465549346
