0 0.6820603907637656 0.06890130353817504 0.15630550621669628 0.1378026070763501
0 0.31616341030195383 0.16201117318435754 0.0497335701598579 0.08193668528864059
0 0.4937833037300178 0.17225325884543763 0.03197158081705151 0.05027932960893855
0 0.6465364120781527 0.24581005586592178 0.08170515097690942 0.0931098696461825
0 0.8952042628774423 0.3426443202979516 0.05328596802841918 0.074487895716946
0 0.27886323268206037 0.34543761638733705 0.046181172291296625 0.061452513966480445
0 0.8792184724689165 0.505586592178771 0.16341030195381884 0.13594040968342644
0 0.6119005328596803 0.6145251396648045 0.03374777975133215 0.055865921787709494
0 0.6953818827708703 0.6564245810055865 0.023090586145648313 0.04655493482309125
0 0.3339253996447602 0.702048417132216 0.0852575488454707 0.1303538175046555
0 0.5408525754884547 0.7216014897579144 0.04440497335701599 0.05772811918063315
0 0.0497335701598579 0.9115456238361266 0.0994671403197158 0.10986964618249534
0 0.4147424511545293 0.0186219739292365 0.10479573712255773 0.037243947858473
