0 0.42362344582593253 0.0446927374301676 0.07992895204262877 0.0893854748603352
0 0.8197158081705151 0.1908752327746741 0.08348134991119005 0.07262569832402235
0 0.27353463587921845 0.22532588454376165 0.08880994671403197 0.10800744878957169
0 0.23801065719360567 0.46741154562383613 0.04262877442273535 0.074487895716946
0 0.8801065719360568 0.5651769087523277 0.10124333925399645 0.09124767225325885
0 0.04884547069271759 0.574487895716946 0.09769094138543517 0.10242085661080075
0 0.44404973357015987 0.729050279329609 0.06394316163410302 0.06890130353817504
0 0.8134991119005328 0.7737430167597765 0.10301953818827708 0.14711359404096835
0 0.02930728241563055 0.8472998137802608 0.0586145648312611 0.10800744878957169
0 0.108348134991119 0.9581005586592178 0.07815275310834814 0.08007448789571694
0 0.33037300177619894 0.010242085661080074 0.08880994671403197 0.020484171322160148
