0 0.06216696269982238 0.04562383612662942 0.07460035523978685 0.09124767225325885
0 0.5053285968028419 0.07169459962756052 0.10479573712255773 0.09124767225325885
0 0.3632326820603908 0.17970204841713222 0.055062166962699825 0.08007448789571694
0 0.844582593250444 0.30819366852886404 0.0763765541740675 0.06890130353817504
0 0.5301953818827708 0.3128491620111732 0.06571936056838366 0.1042830540037244
0 0.8765541740674956 0.4851024208566108 0.05150976909413854 0.05772811918063315
0 0.3774422735346359 0.5148975791433892 0.09769094138543517 0.04283054003724395
0 0.7841918294849023 0.686219739292365 0.13321492007104796 0.09124767225325885
0 0.5879218472468917 0.9236499068901304 0.14209591474245115 0.148975791433892
0 0.13854351687388988 0.9543761638733705 0.1172291296625222 0.08752327746741155
0 0.41651865008880995 0.9832402234636871 0.07992895204262877 0.0297951582867784
