0 0.5746003552397868 0.015828677839851025 0.15452930728241562 0.03165735567970205
0 0.2824156305506217 0.043761638733705775 0.08880994671403197 0.08752327746741155
0 0.8392539964476021 0.36685288640595903 0.08348134991119005 0.0633147113594041
0 0.7992895204262878 0.5065176908752328 0.0994671403197158 0.11173184357541899
0 0.3756660746003552 0.5176908752327747 0.06216696269982238 0.1042830540037244
0 0.015985790408525755 0.7867783985102421 0.03197158081705151 0.08752327746741155
0 0.16518650088809947 0.8314711359404097 0.08170515097690942 0.08007448789571694
0 0.6909413854351687 0.8594040968342644 0.0852575488454707 0.08007448789571694
0 0.4698046181172291 0.9590316573556797 0.07992895204262877 0.0782122905027933
0 0.34547069271758435 0.9832402234636871 0.07282415630550622 0.0297951582867784
