0 0.4946714031971581 0.027932960893854747 0.10479573712255773 0.055865921787709494
0 0.2433392539964476 0.04748603351955307 0.11367673179396093 0.06890130353817504
0 0.2886323268206039 0.17225325884543763 0.07992895204262877 0.14338919925512103
0 0.7850799289520426 0.2011173184357542 0.06394316163410302 0.0782122905027933
0 0.10746003552397869 0.3649906890130354 0.10124333925399645 0.09683426443202979
0 0.7966252220248667 0.5074487895716946 0.10124333925399645 0.10986964618249534
0 0.3960923623445826 0.574487895716946 0.12788632326820604 0.15456238361266295
0 0.5692717584369449 0.8184357541899442 0.108348134991119 0.12104283054003724
0 0.02575488454706927 0.8649906890130353 0.05150976909413854 0.07262569832402235
0 0.15364120781527532 0.9562383612662942 0.0763765541740675 0.06890130353817504
