0 0.0941385435168739 0.023277467411545624 0.06039076376554174 0.04655493482309125
0 0.35079928952042627 0.04189944134078212 0.0763765541740675 0.08379888268156424
0 0.5870337477797514 0.040968342644320296 0.0941385435168739 0.08193668528864059
0 0.012433392539964476 0.10614525139664804 0.02486678507992895 0.055865921787709494
0 0.46181172291296624 0.4022346368715084 0.028419182948490232 0.037243947858473
0 0.49023090586145646 0.6135940409683427 0.03197158081705151 0.035381750465549346
0 0.12522202486678508 0.6219739292364991 0.037300177619893425 0.07076350093109869
0 0.4280639431616341 0.7178770949720671 0.0497335701598579 0.05027932960893855
0 0.5275310834813499 0.840782122905028 0.02486678507992895 0.024208566108007448
0 0.7362344582593251 0.8733705772811918 0.05150976909413854 0.037243947858473
0 0.23357015985790408 0.9059590316573557 0.08703374777975133 0.05772811918063315
