0 0.6065719360568383 0.04283054003724395 0.0941385435168739 0.0856610800744879
0 0.7975133214920072 0.1908752327746741 0.10657193605683836 0.05027932960893855
0 0.8836589698046181 0.33891992551210426 0.055062166962699825 0.1005586592178771
0 0.35968028419182946 0.43575418994413406 0.047957371225577264 0.07076350093109869
0 0.9023090586145648 0.4720670391061452 0.07460035523978685 0.08007448789571694
0 0.5674955595026643 0.49068901303538176 0.06216696269982238 0.054003724394785846
0 0.8774422735346359 0.6741154562383612 0.09591474245115453 0.0931098696461825
0 0.6589698046181173 0.9236499068901304 0.13143872113676733 0.1154562383612663
0 0.1216696269982238 0.9487895716945997 0.0941385435168739 0.07635009310986965
0 0.40408525754884544 0.9366852886405959 0.0905861456483126 0.12290502793296089
