0 0.5497335701598579 0.04003724394785847 0.12255772646536411 0.08007448789571694
0 0.5328596802841918 0.13594040968342644 0.06039076376554174 0.1005586592178771
0 0.03374777975133215 0.29329608938547486 0.0674955595026643 0.11359404096834265
0 0.41740674955595025 0.3407821229050279 0.06394316163410302 0.0595903165735568
0 0.9103019538188277 0.41527001862197394 0.07282415630550622 0.0595903165735568
0 0.02575488454706927 0.44692737430167595 0.05150976909413854 0.1042830540037244
0 0.6571936056838366 0.6415270018621974 0.11012433392539965 0.07635009310986965
0 0.09591474245115453 0.8230912476722533 0.14209591474245115 0.0856610800744879
0 0.6669626998223801 0.972998137802607 0.14742451154529307 0.05027932960893855
0 0.21492007104795738 0.9869646182495344 0.0674955595026643 0.0223463687150838
