0 0.27264653641207814 0.07728119180633147 0.12966252220248667 0.14338919925512103
0 0.6207815275310835 0.09962756052141528 0.06927175843694494 0.10242085661080075
0 0.6989342806394316 0.164804469273743 0.0941385435168739 0.07635009310986965
0 0.46092362344582594 0.34823091247672255 0.07992895204262877 0.0521415270018622
0 0.8046181172291297 0.35661080074487894 0.05328596802841918 0.10986964618249534
0 0.8765541740674956 0.45996275605214154 0.0905861456483126 0.0782122905027933
0 0.5035523978685613 0.6098696461824954 0.02664298401420959 0.024208566108007448
0 0.8818827708703375 0.6880819366852886 0.10124333925399645 0.07635009310986965
0 0.7122557726465364 0.9599627560521415 0.07460035523978685 0.07635009310986965
0 0.13232682060390763 0.9851024208566108 0.10124333925399645 0.0260707635009311
