0 0.11367673179396093 0.01303538175046555 0.07104795737122557 0.0260707635009311
0 0.7708703374777975 0.06797020484171322 0.0852575488454707 0.08007448789571694
0 0.7371225577264654 0.22532588454376165 0.06394316163410302 0.040968342644320296
0 0.5257548845470693 0.2951582867783985 0.06039076376554174 0.08007448789571694
0 0.8827708703374778 0.4692737430167598 0.06394316163410302 0.074487895716946
0 0.014209591474245116 0.7830540037243948 0.028419182948490232 0.09869646182495345
0 0.6651865008880995 0.8705772811918063 0.07282415630550622 0.13221601489757914
0 0.1705150976909414 0.9078212290502793 0.09591474245115453 0.10242085661080075
0 0.7628774422735346 0.9143389199255121 0.04440497335701599 0.0595903165735568
0 0.4822380106571936 0.023277467411545624 0.06216696269982238 0.04655493482309125
