0 0.5923623445825933 0.023277467411545624 0.0763765541740675 0.04655493482309125
0 0.7184724689165186 0.05027932960893855 0.1261101243339254 0.1005586592178771
0 0.8703374777975134 0.21787709497206703 0.07460035523978685 0.0633147113594041
0 0.8987566607460036 0.313780260707635 0.08170515097690942 0.05027932960893855
0 0.9316163410301954 0.4022346368715084 0.08703374777975133 0.08193668528864059
0 0.46536412078152756 0.4543761638733706 0.10657193605683836 0.11173184357541899
0 0.9023090586145648 0.5986964618249534 0.0674955595026643 0.054003724394785846
0 0.18650088809946713 0.707635009310987 0.11012433392539965 0.1303538175046555
0 0.7424511545293073 0.8603351955307262 0.12078152753108348 0.11173184357541899
0 0.03818827708703375 0.9059590316573557 0.0763765541740675 0.10242085661080075
