0 0.6518650088809946 0.0595903165735568 0.04262877442273535 0.055865921787709494
0 0.7326820603907638 0.11824953445065177 0.08348134991119005 0.06890130353817504
0 0.7726465364120781 0.1973929236499069 0.12433392539964476 0.08193668528864059
0 0.1216696269982238 0.2951582867783985 0.12255772646536411 0.16573556797020483
0 0.8738898756660746 0.46089385474860334 0.10657193605683836 0.10242085661080075
0 0.08792184724689166 0.5772811918063314 0.05150976909413854 0.0782122905027933
0 0.5941385435168739 0.6247672253258846 0.06216696269982238 0.09869646182495345
0 0.8063943161634103 0.6284916201117319 0.10657193605683836 0.10242085661080075
0 0.677619893428064 0.8808193668528864 0.12966252220248667 0.1713221601489758
0 0.5674955595026643 0.9683426443202979 0.14031971580817051 0.0595903165735568
0 0.04440497335701599 0.9851024208566108 0.035523978685612786 0.0260707635009311
