0 0.6891651865008881 0.11173184357541899 0.09236234458259325 0.0595903165735568
0 0.69449378330373 0.2122905027932961 0.07815275310834814 0.11173184357541899
0 0.20781527531083482 0.276536312849162 0.06394316163410302 0.054003724394785846
0 0.822380106571936 0.3333333333333333 0.07460035523978685 0.07076350093109869
0 0.38809946714031973 0.5176908752327747 0.10479573712255773 0.0893854748603352
0 0.21047957371225579 0.6303538175046555 0.0586145648312611 0.06890130353817504
0 0.5053285968028419 0.6499068901303539 0.055062166962699825 0.08193668528864059
0 0.7797513321492007 0.7309124767225326 0.15630550621669628 0.14338919925512103
0 0.0497335701598579 0.7392923649906891 0.0852575488454707 0.0931098696461825
0 0.31527531083481347 0.8268156424581006 0.10124333925399645 0.07076350093109869
0 0.15364120781527532 0.9618249534450651 0.0941385435168739 0.07262569832402235
