0 0.41740674955595025 0.037243947858473 0.09236234458259325 0.074487895716946
0 0.1447602131438721 0.09869646182495345 0.06216696269982238 0.07076350093109869
0 0.6438721136767318 0.10893854748603352 0.13676731793960922 0.06890130353817504
0 0.3330373001776199 0.2756052141527002 0.04440497335701599 0.0521415270018622
0 0.2202486678507993 0.40875232774674114 0.04262877442273535 0.04655493482309125
0 0.9342806394316163 0.5083798882681564 0.07460035523978685 0.09683426443202979
0 0.03641207815275311 0.574487895716946 0.07282415630550622 0.12849162011173185
0 0.6669626998223801 0.6163873370577281 0.047957371225577264 0.0893854748603352
0 0.39431616341030196 0.638733705772812 0.07815275310834814 0.0782122905027933
0 0.5550621669626998 0.7718808193668529 0.07282415630550622 0.07635009310986965
0 0.8650088809946714 0.8528864059590316 0.15985790408525755 0.14152700186219738
